0,8363970116559,8363970116559,9223372036854775807,0,8363970519112,8363970553035,8363971082958,8363971180881,8363971348958,8363971434496,8363972097573,8363977246189,8363979717112,
0,8363986581289,8363986581289,9223372036854775807,0,8363995354804,8363995387650,8364000781265,8364000923804,8364003040035,8364003175496,8364004197804,8364010145342,8364013069419,
0,8364003046123,8364019482677,8364008000000,8364014482677,8364025781035,8364031077650,8364031094573,8364032692112,8364035043573,8364035157035,8364036244035,8364042141958,8364045983112,
0,8364052443357,8364052443357,8364036000000,8364036000000,8364053024419,8364054069342,8364054093189,8364054201573,8364054987958,8364055071881,8364055678958,8364059269035,8364062501035,
0,8364068905680,8364068905680,8364059000000,8364059000000,8364069604189,8364070301881,8364070320650,8364071773419,8364072554804,8364072629189,8364075073342,8364078658035,8364080935189,
0,8364085372350,8364085372350,8364075000000,8364080372350,8364085894035,8364087232112,8364087267342,8364087412189,8364087657727,8364087748112,8364088269804,8364091417189,8364094397727,
0,8364101840901,8364101840901,8364092000000,8364096840901,8364102189650,8364102931650,8364102954112,8364104467804,8364105165804,8364105267112,8364107388650,8364111295573,8364113322265,
0,8364118304236,8364118304236,8364108000000,8364113304236,8364118910496,8364120320727,8364120352881,8364120478342,8364120732958,8364120814496,8364121352727,8364126254112,8364128665419,
0,8364134761990,8364134761990,8364125000000,8364129761990,8364135875265,8364137313265,8364137343881,8364137441189,8364137609265,8364137691804,8364138920881,8364145629727,8364147795650,
0,8364151250432,8364151250432,8364143000000,8364146250432,8364151871804,8364153231650,8364153280496,8364153456573,8364153692112,8364153785265,8364154456112,8364157668958,8364160328650,
0,8364167705387,8364167705387,8364158000000,8364162705387,8364168610573,8364175394804,8364175425189,8364175576112,8364177367342,8364177488650,8364179916265,8364183330727,8364185619265,
0,8364200636123,8364200636123,8364180000000,8364180000000,8364200995650,8364202011727,8364202048342,8364202174573,8364203839189,8364203958573,8364206237881,8364209977342,8364213109189,
0,8364217101646,8364217101646,9223372036854775807,0,8364217862419,8364217908650,8364218737342,8364218848035,8364219626727,8364219734958,8364220430727,8364223322112,8364225426573,
0,8364233565529,8364233565529,9223372036854775807,0,8364234221189,8364234259265,8364234820342,8364234942573,8364235137881,8364235214035,8364235744958,8364238340958,8364241053804,
0,8364250026252,8364250026252,9223372036854775807,0,8364250561804,8364250592265,8364251096881,8364251193342,8364251348573,8364251432265,8364252066496,8364256076727,8364258066573,
0,8364266490902,8364266490902,9223372036854775807,0,8364267022496,8364267064650,8364267619419,8364267738112,8364267929035,8364268007573,8364268566496,8364271430958,8364273404496,
0,8364282955340,8364282955340,9223372036854775807,0,8364283481804,8364283517804,8364284034419,8364284150727,8364284357958,8364284426496,8364284946881,8364287583496,8364289494112,
0,8364299420883,8364299420883,9223372036854775807,0,8364299775573,8364299808112,8364300375496,8364300478958,8364300653727,8364300733958,8364301361189,8364305353189,8364307328035,
0,8364315885299,8364315885299,9223372036854775807,0,8364316565573,8364316604342,8364317216573,8364317332035,8364317538112,8364317611650,8364318132035,8364322141035,8364324227958,
0,8364332351939,8364332351939,9223372036854775807,0,8364332969189,8364333006958,8364333789496,8364333912727,8364334106342,8364334203342,8364334810342,8364340570958,8364343646727,
0,8364365284368,8364365284368,8364344000000,8364346500000,8364365716958,8364370523266,8364370552650,8364370841266,8364371017189,8364371099419,8364371660189,8364376019804,8364378890573,
0,8364381750936,8364381750936,8364375000000,8364375000000,8364390593035,8364391931727,8364391955573,8364392045804,8364393942419,8364394036650,8364396797189,8364400596189,8364402811112,
0,8364414680160,8364414680160,8364397000000,8364397000000,8364415022342,8364420880573,8364420907881,8364421058266,8364422855189,8364422944266,8364423846650,8364426917035,8364429847266,
0,8364431145265,8364431145265,8364426000000,8364426000000,8364432142035,8364433078496,8364433101573,8364434866189,8364435661189,8364435755881,8364436533266,8364440382727,8364442813035,
0,8364447611778,8364447611778,8364438000000,8364442611778,8364448185650,8364449439650,8364449463496,8364449581958,8364449790496,8364449925650,8364450541804,8364453460958,8364456364342,
0,8364464075842,8364464075842,8364455000000,8364459075842,8364464473804,8364465319804,8364465342958,8364467256573,8364467999958,8364468122419,8364471902650,8364478219035,8364484153266,
0,8364480645821,8364480645821,8364471000000,8364475645821,8364481734727,8364483094496,8364483147804,8364483363189,8364483646958,8364484344035,8364485029958,8364488160804,8364491676958,
0,8364497012260,8364497012260,8364489000000,8364492012260,8364497575496,8364498711112,8364498744189,8364498872419,8364499081266,8364499176804,8364499779650,8364502920804,8364505269881,
0,8364513476651,8364513476651,8364504000000,8364508476651,8364513972266,8364514982881,8364515014650,8364515146496,8364515372035,8364515462496,8364516053112,8364518758804,8364522072650,
0,8364529939381,8364529939381,8364520000000,8364524939381,8364530436419,8364531458035,8364531494266,8364531628189,8364531841266,8364531925573,8364532551958,8364535532419,8364537932881,
0,8364546404022,8364546404022,9223372036854775807,0,8364547241266,8364547279650,8364551419881,8364551549035,8364553118573,8364553219650,8364555337419,8364558614650,8364561205419,
0,8364562865635,8364562865635,9223372036854775807,0,8364563698419,8364563746035,8364568518035,8364568662266,8364570948419,8364571025496,8364573149958,8364575940573,8364577884958,
0,8364579331280,8364579331280,9223372036854775807,0,8364580154727,8364580198266,8364580859035,8364581001266,8364581263035,8364581355035,8364582022650,8364585148419,8364587074804,
0,8364595796495,8364595796495,9223372036854775807,0,8364596300189,8364596343881,8364596910266,8364597023573,8364597211650,8364597291804,8364597923419,8364601533112,8364603845419,
0,8364612255636,8364612255636,9223372036854775807,0,8364612673419,8364612712881,8364613296727,8364613409573,8364613595419,8364613671727,8364614217650,8364616967419,8364618866035,
0,8364628729027,8364628729027,9223372036854775807,0,8364629125189,8364629163496,8364629714496,8364629833189,8364630154419,8364630246112,8364630898112,8364636144727,8364638111342,
0,8364645193553,8364645193553,9223372036854775807,0,8364647345112,8364647382112,8364648005496,8364648131496,8364648357419,8364648439573,8364648999573,8364652303650,8364654387342,
0,8364678105353,8364678105353,8364665000000,8364667000000,8364678641958,8364680116112,8364680144342,8364680454189,8364680645189,8364680748266,8364681400112,8364686732958,8364688938035,
0,8364694572199,8364694572199,8364685000000,8364689572199,8364695111727,8364696381804,8364696411035,8364696535650,8364697013881,8364697131112,8364697767881,8364703681958,8364705735419,
0,8364711039025,8364711039025,8364701000000,8364706039025,8364711570727,8364715604189,8364715633573,8364715769035,8364717786727,8364717888189,8364722325112,8364725942112,8364728749727,
0,8364727503283,8364727503283,8364721000000,8364722503283,8364727913496,8364732152573,8364732181727,8364732317958,8364732485496,8364732566189,8364733194035,8364736361881,8364740155727,
0,8364743966153,8364743966153,8364737000000,8364738966153,8364744596496,8364745674958,8364745698958,8364745805189,8364747075266,8364747176727,8364749740881,8364754250573,8364756789804,
0,8364760433868,8364760433868,8364751000000,8364755433868,8364761006035,8364762101958,8364762132573,8364762253958,8364762449727,8364762644419,8364763326342,8364767502958,8364771791342,
0,8364776914873,8364776914873,8364768000000,8364771914873,8364777356804,8364778227650,8364778250112,8364778344650,8364778494727,8364778786650,8364779410881,8364782917112,8364786240112,
0,8364793377709,8364793377709,8364784000000,8364788377709,8364793954035,8364796039727,8364796080727,8364796231266,8364798145419,8364798240342,8364798875035,8364802549035,8364805051419,
0,8364809841035,8364809841035,8364801000000,8364804841035,8364810615881,8364811739573,8364811775804,8364811903342,8364812096189,8364812180035,8364812718881,8364815505804,8364818166573,
0,8364826306139,8364826306139,8364817000000,8364821306139,8364826797650,8364827705112,8364827733727,8364827853804,8364828039881,8364828115804,8364828640958,8364833076496,8364836316804,
0,8364842772013,8364842772013,9223372036854775807,0,8364843244650,8364843276573,8364845128727,8364845241342,8364845422419,8364845518573,8364846137727,8364850190496,8364852623035,
0,8364859240205,8364859240205,9223372036854775807,0,8364859713189,8364859752804,8364860509727,8364860639419,8364860831650,8364860904727,8364861435112,8364864627189,8364867422419,
0,8364875706872,8364875706872,9223372036854775807,0,8364876105958,8364876137573,8364879297958,8364879421419,8364880704496,8364880786342,8364882931342,8364885821881,8364888376881,
0,8364892171913,8364892171913,9223372036854775807,0,8364892809804,8364892850419,8364896505650,8364896636266,8364897672342,8364897756266,8364899841266,8364903116112,8364905886573,
0,8364908632323,8364908632323,9223372036854775807,0,8364909356189,8364909401804,8364910324881,8364910578650,8364910833650,8364910958804,8364911995419,8364916515727,8364919126035,
0,8364925101990,8364925101990,9223372036854775807,0,8364925806419,8364925849266,8364926453496,8364926568958,8364926786112,8364926867573,8364927412342,8364930391650,8364932951419,
0,8364941567210,8364941567210,9223372036854775807,0,8364941988573,8364942020342,8364942454342,8364942550035,8364942706342,8364942773804,8364943280650,8364946391881,8364948427112,
0,8364974498771,8364974498771,8364960000000,8364962000000,8364974874727,8364976193342,8364976215804,8364976456573,8364976618650,8364976691727,8364977203112,8364979880189,8364982985419,
0,8364990964732,8364990964732,8364981000000,8364981000000,8364991483804,8364992400958,8364992429112,8364992543035,8364992737035,8364992819419,8364993331342,8364996005650,8364998067419,
0,8365007408680,8365007408680,8364997000000,8365002408680,8365007910342,8365008752496,8365008774573,8365008871112,8365009031035,8365009098881,8365009616189,8365013138727,8365015151496,
0,8365023878856,8365023878856,8365014000000,8365018878856,8365024342496,8365025407419,8365025438573,8365025540958,8365025715266,8365025809881,8365026432881,8365030570804,8365032954650,
0,8365040344454,8365040344454,8365030000000,8365035344454,8365040776189,8365045025189,8365045056804,8365045202342,8365049156035,8365049248727,8365052270881,8365055842189,8365058393035,
0,8365056811418,8365056811418,8365050000000,8365051811418,8365057472958,8365062776266,8365062810650,8365062973958,8365065239650,8365065389189,8365067695035,8365071036419,8365074921804,
0,8365073278282,8365073278282,8365068000000,8365068278282,8365074198804,8365075503035,8365075544958,8365075712881,8365075976650,8365076085804,8365077105958,8365082725650,8365086608419,
0,8365089744091,8365089744091,8365081000000,8365084744091,8365091367035,8365092949266,8365092980650,8365093078958,8365093253727,8365093400727,8365093918650,8365097390035,8365101228035,
0,8365106208908,8365106208908,8365098000000,8365101208908,8365106865650,8365108750727,8365108786112,8365108911727,8365109086419,8365109228035,8365109822650,8365113327804,8365116983035,
0,8365122674507,8365122674507,8365114000000,8365117674507,8365123186573,8365124253650,8365124279573,8365124377727,8365124545804,8365124640650,8365125161266,8365128347958,8365136077189,
0,8365139136453,8365139136453,9223372036854775807,0,8365139835650,8365139865419,8365140589958,8365140693804,8365140867881,8365140942266,8365141519727,8365144538496,8365147603266,
0,8365155597746,8365155597746,9223372036854775807,0,8365156483112,8365156513112,8365157003650,8365157100650,8365157257804,8365157400035,8365157969496,8365162002881,8365165681419,
0,8365172063934,8365172063934,9223372036854775807,0,8365172491804,8365172527881,8365173013804,8365173111266,8365173312650,8365173415496,8365174129266,8365179892112,8365182063958,
0,8365188530852,8365188530852,9223372036854775807,0,8365189126804,8365189164650,8365192480419,8365192599112,8365192737342,8365192828496,8365193419727,8365197535727,8365199655804,
0,8365204996804,8365204996804,9223372036854775807,0,8365205561189,8365205610189,8365207153035,8365207275266,8365209649419,8365209734650,8365213177266,8365216723496,8365218985727,
0,8365221462281,8365221462281,9223372036854775807,0,8365221950727,8365222004727,8365225875189,8365226035342,8365227997573,8365228083881,8365229926035,8365233077958,8365235038727,
0,8365237934299,8365237934299,9223372036854775807,0,8365238338650,8365238387266,8365239049112,8365239189419,8365239426958,8365239507804,8365240248419,8365243548266,8365246338804,
0,8365254400400,8365254400400,9223372036854775807,0,8365255356419,8365255392342,8365255958804,8365256060958,8365256228727,8365256305804,8365256848189,8365259630342,8365261760189,
0,8365270865054,8365270865054,9223372036854775807,0,8365271367804,8365271413189,8365271990266,8365272114573,8365272328958,8365272410266,8365272954189,8365275876727,8365277750573,
0,8365287325667,8365287325667,9223372036854775807,0,8365287706419,8365287739342,8365288181881,8365288278958,8365288433804,8365288502189,8365289039804,8365292722573,8365294816650,
0,8365303792735,8365303792735,9223372036854775807,0,8365304220496,8365304253804,8365304734035,8365304834266,8365304998650,8365305061573,8365305579496,8365308222419,8365310342650,
0,8365320259557,8365320259557,9223372036854775807,0,8365320698189,8365320740881,8365321330189,8365321455650,8365321654573,8365321739496,8365322321650,8365327304727,8365329755342,
0,8365336723670,8365336723670,9223372036854775807,0,8365337927266,8365337969727,8365338601650,8365338717035,8365338919266,8365338998189,8365339678650,8365343731112,8365346047419,
0,8365353189509,8365353189509,9223372036854775807,0,8365356458189,8365356491650,8365357031189,8365357135650,8365357307189,8365357390958,8365358051112,8365362815035,8365365177035,
0,8365369653577,8365369653577,9223372036854775807,0,8365371009650,8365371050496,8365375842881,8365376001650,8365377516650,8365377620342,8365379921035,8365383418727,8365385568189,
0,8365386117365,8365386117365,9223372036854775807,0,8365386637573,8365386694496,8365387331573,8365387469573,8365387676804,8365387767035,8365388494342,8365391540958,8365394012342,
0,8365402584737,8365402584737,9223372036854775807,0,8365402984342,8365403019804,8365404141112,8365404241342,8365404414035,8365404539727,8365405202419,8365408169727,8365411125573,
0,8365419048054,8365419048054,9223372036854775807,0,8365419710958,8365419746727,8365423862573,8365424021189,8365424174727,8365424270189,8365424867958,8365429288266,8365432190573,
0,8365435507901,8365435507901,9223372036854775807,0,8365436306035,8365436343727,8365436884266,8365436998266,8365439882112,8365439969112,8365445020573,8365449565727,8365451868189,
0,8365451977363,8365451977363,9223372036854775807,0,8365452511112,8365452563035,8365453330266,8365453474496,8365453736573,8365453846804,8365454640958,8365458315342,8365460720189,
0,8365468441045,8365468441045,9223372036854775807,0,8365469034573,8365469069727,8365469657496,8365469771496,8365469963881,8365470161189,8365470755189,8365473950881,8365476251112,
0,8365484904354,8365484904354,9223372036854775807,0,8365485449266,8365485490342,8365486100112,8365486226035,8365486424804,8365486506266,8365487062958,8365489736342,8365492147881,
0,8365501369868,8365501369868,9223372036854775807,0,8365501913650,8365501948881,8365502464804,8365502581496,8365502784266,8365502854112,8365503409650,8365506135881,8365508047342,
0,8365517835051,8365517835051,9223372036854775807,0,8365518323881,8365518354035,8365518805189,8365518904958,8365519080496,8365519156881,8365519820035,8365524899958,8365526959189,
0,8365534297562,8365534297562,9223372036854775807,0,8365534836342,8365534867958,8365535419881,8365535515112,8365535669112,8365535731650,8365536274342,8365539014727,8365540977112,
0,8365550763770,8365550763770,9223372036854775807,0,8365551246189,8365551279266,8365551736266,8365551836266,8365552007112,8365552077342,8365552661266,8365555964112,8365558027035,
0,8365567226253,8365567226253,9223372036854775807,0,8365567768189,8365567803419,8365568363496,8365568461419,8365568623958,8365568698266,8365569282112,8365572604112,8365574651727,
0,8365583692954,8365583692954,9223372036854775807,0,8365584034881,8365584070650,8365584562112,8365584665189,8365584849266,8365584919573,8365585488881,8365588538189,8365590740573,
0,8365600158636,8365600158636,9223372036854775807,0,8365600618189,8365600653112,8365601132342,8365601236804,8365601403266,8365601476112,8365602048035,8365605193881,8365607217650,
0,8365616623850,8365616623850,9223372036854775807,0,8365617082650,8365617116727,8365617587419,8365617690342,8365617854881,8365617922958,8365618506727,8365621665958,8365623748650,
0,8365633090911,8365633090911,9223372036854775807,0,8365633569419,8365633606727,8365634167035,8365634280112,8365634476650,8365634554035,8365635155496,8365638241573,8365640448266,
0,8365649556999,8365649556999,9223372036854775807,0,8365650066189,8365650103035,8365650651496,8365650757727,8365650942958,8365651022496,8365651622804,8365655956573,8365658142727,
0,8365666022386,8365666022386,9223372036854775807,0,8365666525189,8365666562496,8365667296112,8365667421419,8365667615881,8365667687958,8365668269035,8365671695189,8365673734727,
0,8365682486527,8365682486527,9223372036854775807,0,8365683039958,8365683080496,8365683638112,8365683755266,8365683946419,8365684240650,8365684837727,8365689788419,8365691992035,
0,8365698952091,8365698952091,9223372036854775807,0,8365699521881,8365699555881,8365700254650,8365700360958,8365700537573,8365700627650,8365701309343,8365705075881,8365707224573,
0,8365715418955,8365715418955,9223372036854775807,0,8365715947496,8365715988958,8365716556266,8365716674804,8365716879343,8365716959189,8365717573035,8365720442419,8365722557650,
0,8365731883059,8365731883059,9223372036854775807,0,8365732370496,8365732404804,8365732958958,8365733072266,8365733257650,8365733336958,8365733936496,8365736858727,8365739136727,
0,8365748347816,8365748347816,9223372036854775807,0,8365748779035,8365748813727,8365749297804,8365749402035,8365749564266,8365749631881,8365750305727,8365753295804,8365755769035,
0,8365764814571,8365764814571,9223372036854775807,0,8365765271343,8365765304958,8365765865958,8365765965804,8365766131112,8365766203266,8365766780035,8365769612419,8365771791496,
0,8365781280862,8365781280862,9223372036854775807,0,8365781709035,8365781743958,8365782231573,8365782336112,8365782513496,8365782580189,8365783159189,8365786114189,8365788214419,
0,8365797748636,8365797748636,9223372036854775807,0,8365798204419,8365798242035,8365798852343,8365798971112,8365799164650,8365799241573,8365799848573,8365802816419,8365804889804,
0,8365814213254,8365814213254,9223372036854775807,0,8365814744189,8365814777727,8365815247804,8365815345343,8365815510958,8365815584266,8365816164266,8365819102727,8365821151189,
0,8365830677549,8365830677549,9223372036854775807,0,8365831218266,8365831255573,8365831911881,8365832031881,8365832236343,8365832433419,8365833021035,8365835971035,8365838039496,
0,8365847144651,8365847144651,9223372036854775807,0,8365847657804,8365847689958,8365848154496,8365848250881,8365848424650,8365848498419,8365849083189,8365852134804,8365854173804,
0,8365863610667,8365863610667,9223372036854775807,0,8365864137573,8365864169881,8365864718727,8365864820035,8365864985266,8365865052881,8365865633804,8365868560727,8365870669958,
0,8365880076159,8365880076159,9223372036854775807,0,8365880485496,8365880519804,8365881219804,8365881340419,8365881533266,8365881608035,8365882193650,8365887364266,8365889342112,
0,8365896541876,8365896541876,9223372036854775807,0,8365897112419,8365897148496,8365897782496,8365897902881,8365898108804,8365898184266,8365898765112,8365902060343,8365904085189,
0,8365913006053,8365913006053,9223372036854775807,0,8365913496881,8365913533419,8365914017573,8365914128266,8365914320496,8365914404727,8365915035496,8365918244112,8365920667266,
0,8365929470295,8365929470295,9223372036854775807,0,8365930067650,8365930101573,8365930590573,8365930690189,8365930853650,8365930925804,8365931513958,8365934740496,8365936760496,
0,8365945937609,8365945937609,9223372036854775807,0,8365946335496,8365946370112,8365947000189,8365947119343,8365947308266,8365947391496,8365948058650,8365952269266,8365954347650,
0,8365962401424,8365962401424,9223372036854775807,0,8365962828419,8365962865650,8365963399419,8365963495881,8365963661419,8365963751804,8365964421035,8365968573496,8365970836112,
0,8365978868137,8365978868137,9223372036854775807,0,8365979298112,8365979332189,8365979784881,8365979880112,8365980124804,8365980210266,8365980888189,8365984965958,8365987056419,
0,8365995334421,8365995334421,9223372036854775807,0,8365995899573,8365995938035,8365996626189,8365996738727,8365996901881,8365996968112,8365997577343,8366000679266,8366002747035,
0,8366011798717,8366011798717,9223372036854775807,0,8366012224419,8366012258112,8366012939496,8366013057112,8366013260343,8366013344650,8366014007958,8366018069804,8366020253496,
0,8366028265280,8366028265280,9223372036854775807,0,8366028926958,8366028962881,8366029555035,8366029676343,8366029873958,8366029943881,8366030577343,8366033646881,8366035707727,
0,8366044730478,8366044730478,9223372036854775807,0,8366045183112,8366045220881,8366076133881,8366076275343,8366076497881,8366076590727,8366077205266,8366083169266,8366085673727,
