0,309409097877004,309409097877004,309409087000000,309409092877004,309409098362287,309409099265749,309409099291364,309409101117595,309409101871287,309409101972057,309409104359903,309409109205595,309409110989441,
0,309409114588163,309409114588163,309409104000000,309409109588163,309409115074672,309409116229441,309409116258287,309409116376441,309409116678441,309409116790672,309409117437287,309409121175057,309409122756903,
0,309409131299144,309409131299144,309409121000000,309409126299144,309409131755903,309409140748518,309409140775518,309409140933903,309409144060364,309409144159364,309409148211057,309409152346364,309409153611287,
0,309409164720954,309409164720954,309409146000000,309409146000000,309409165174057,309409166112518,309409166146826,309409168421441,309409170172672,309409170270364,309409175092210,309409179608595,309409181742903,
0,309409181431380,309409181431380,309409171000000,309409171000000,309409184553672,309409185625672,309409185673826,309409185807980,309409186047749,309409186163518,309409186848980,309409191221826,309409194152518,
0,309409198142014,309409198142014,309409191000000,309409193142014,309409199147057,309409200621672,309409200663672,309409200821441,309409201079980,309409201239287,309409201954595,309409206377441,309409209070980,
0,309409214852996,309409214852996,309409206000000,309409209852996,309409215304749,309409216658210,309409216696287,309409216836980,309409217056903,309409217159595,309409217785903,309409224698057,309409226573980,
0,309409231563767,309409231563767,309409222000000,309409226563767,309409232087595,309409233983441,309409234027903,309409234193364,309409234429672,309409234545903,309409235189134,309409238755134,309409240456672,
0,309409248274969,309409248274969,9223372036854775807,0,309409248707595,309409248744287,309409249823518,309409249964672,309409250202595,309409250309595,309409251029749,309409254639595,309409256087057,
0,309409264986192,309409264986192,9223372036854775807,0,309409265381364,309409265418210,309409265948057,309409266068134,309409266274672,309409266344903,309409266908287,309409272515057,309409274312672,
0,309409281697666,309409281697666,9223372036854775807,0,309409282095364,309409282131518,309409282707749,309409282828441,309409283052749,309409283128826,309409283811518,309409287262518,309409289363903,
0,309409298409020,309409298409020,9223372036854775807,0,309409298810057,309409298847134,309409306352518,309409306500672,309409308962364,309409309050287,309409313022287,309409316519287,309409318415287,
0,309409315120355,309409315120355,9223372036854775807,0,309409317244903,309409317279826,309409317824210,309409317994672,309409318228134,309409319047210,309409319675364,309409322788364,309409324596287,
0,309409331830173,309409331830173,9223372036854775807,0,309409332301210,309409332334595,309409332911287,309409333027210,309409333217826,309409333332057,309409334038980,309409336943672,309409338800749,
0,309409348541296,309409348541296,9223372036854775807,0,309409348985518,309409349025672,309409349623518,309409349750595,309409349974441,309409350056518,309409350725980,309409354034364,309409356289826,
0,309409381963107,309409381963107,309409364000000,309409366000000,309409382376749,309409384263210,309409384308826,309409384718364,309409384959134,309409385054287,309409385646749,309409388488903,309409389834903,
0,309409398674634,309409398674634,309409389000000,309409389000000,309409399049826,309409400231057,309409400275518,309409400431441,309409400669210,309409400799826,309409401543672,309409404550595,309409406024134,
0,309409415386220,309409415386220,309409405000000,309409410386220,309409417813749,309409419102364,309409419135903,309409419248287,309409419444826,309409419528826,309409420232057,309409426108441,309409427891364,
0,309409432097409,309409432097409,309409424000000,309409427097409,309409432578595,309409433759595,309409433788595,309409433901903,309409434264980,309409434352287,309409435017903,309409438321441,309409439679287,
0,309409448808377,309409448808377,309409439000000,309409443808377,309409449230749,309409456971364,309409457002826,309409457158364,309409460790364,309409460879595,309409464686980,309409467489903,309409469660826,
0,309409482231221,309409482231221,309409462000000,309409462000000,309409482622595,309409484199903,309409484245210,309409484397057,309409484635595,309409484731749,309409485694749,309409489319518,309409491604749,
0,309409498943163,309409498943163,309409489000000,309409489000000,309409499373903,309409500467672,309409500503518,309409500631980,309409500848057,309409500930749,309409501595364,309409505509749,309409507037134,
0,309409515654362,309409515654362,309409509000000,309409510654362,309409517586057,309409519121826,309409519168518,309409519345518,309409519642057,309409519733210,309409520458518,309409524809672,309409528880134,
0,309409532365365,309409532365365,309409524000000,309409527365365,309409532849826,309409534129364,309409534170441,309409534302210,309409534555441,309409534653518,309409535373518,309409540358057,309409542549749,
0,309409549075700,309409549075700,309409539000000,309409544075700,309409549565210,309409550835826,309409550877826,309409551020672,309409551250134,309409551401826,309409552110672,309409557013980,309409559714980,
0,309409565785229,309409565785229,9223372036854775807,0,309409566706595,309409566752980,309409567654287,309409567807210,309409568563903,309409568683057,309409569344903,309409573626672,309409575587672,
0,309409582496248,309409582496248,9223372036854775807,0,309409583007826,309409583042057,309409583548749,309409583650903,309409583842749,309409583923826,309409584626826,309409589711980,309409591692364,
0,309409599206443,309409599206443,9223372036854775807,0,309409599709441,309409599747980,309409600527518,309409600669595,309409600903210,309409601000134,309409601701595,309409608114672,309409609962441,
0,309409615917617,309409615917617,9223372036854775807,0,309409617327980,309409617367134,309409623673980,309409623821057,309409626104980,309409626203826,309409629827287,309409632734672,309409634389826,
0,309409632628608,309409632628608,9223372036854775807,0,309409633094057,309409633128903,309409633633134,309409633737980,309409633922134,309409634905134,309409635515518,309409638404134,309409643380595,
0,309409649339980,309409649339980,9223372036854775807,0,309409649679287,309409649716210,309409650277980,309409650396903,309409650605210,309409650668057,309409651251287,309409654050441,309409655982672,
0,309409666051289,309409666051289,9223372036854775807,0,309409666447210,309409666479672,309409667013134,309409667126287,309409667337287,309409667415057,309409667992749,309409670981134,309409673252364,
0,309409699473573,309409699473573,309409685000000,309409687500000,309409699913057,309409701749903,309409701783134,309409702078287,309409702291057,309409702409518,309409702978057,309409705979903,309409707518518,
0,309409716184790,309409716184790,309409707000000,309409707000000,309409717066211,309409717990826,309409718019057,309409718148518,309409718334287,309409718456134,309409719126903,309409722111287,309409723512364,
0,309409732896423,309409732896423,309409723000000,309409727896423,309409733275980,309409734466134,309409734510749,309409734655826,309409734911134,309409735026134,309409735607980,309409739941287,309409741632441,
0,309409749607994,309409749607994,309409739000000,309409744607994,309409749995980,309409751171826,309409751213211,309409751362749,309409751630595,309409751737595,309409752390364,309409755698672,309409757034903,
0,309409766319535,309409766319535,309409756000000,309409761319535,309409768839364,309409776499211,309409776530826,309409776699287,309409779421287,309409779511057,309409783829672,309409786722364,309409788586057,
0,309409799742244,309409799742244,309409781000000,309409781000000,309409800318134,309409802407518,309409802448287,309409802590211,309409802857826,309409802969672,309409803610595,309409808380441,309409811772672,
0,309409816453699,309409816453699,309409808000000,309409808000000,309409818363672,309409819772211,309409819813134,309409820050211,309409820312903,309409820400980,309409821030364,309409825667980,309409830286672,
0,309409833164024,309409833164024,309409825000000,309409828164024,309409833800595,309409834888364,309409834924672,309409835063518,309409835281364,309409835368287,309409835990211,309409839767211,309409842855826,
0,309409849874694,309409849874694,309409842000000,309409844874694,309409850379057,309409851587441,309409851628057,309409851771595,309409851991980,309409852372364,309409853026441,309409857735287,309409861446826,
0,309409866581527,309409866581527,309409858000000,309409861581527,309409867340749,309409868509364,309409868572672,309409868705211,309409868905518,309409868986980,309409869597518,309409874107980,309409878058826,
0,309409883292029,309409883292029,9223372036854775807,0,309409884807672,309409884852749,309409886598364,309409886740672,309409886989287,309409887352595,309409888099749,309409892259595,309409893666211,
0,309409900003052,309409900003052,9223372036854775807,0,309409900453287,309409900490826,309409901000287,309409901122134,309409901337672,309409901405980,309409902025749,309409905480057,309409907455364,
0,309409916713709,309409916713709,9223372036854775807,0,309409917133595,309409917164672,309409917679211,309409917783826,309409917961749,309409918027287,309409918627287,309409922817980,309409924850672,
0,309409933425316,309409933425316,9223372036854775807,0,309409933813441,309409933849441,309409934398364,309409934513057,309409934717903,309409934810441,309409935386287,309409937989441,309409939771057,
0,309409950136804,309409950136804,9223372036854775807,0,309409950526211,309409950562826,309409957340672,309409957493287,309409961043980,309409961143057,309409965357287,309409968371826,309409970549595,
0,309409966848190,309409966848190,9223372036854775807,0,309409967264980,309409967313672,309409967791595,309409967892518,309409968126057,309409971099441,309409971761287,309409974753441,309409977578518,
0,309409983559551,309409983559551,9223372036854775807,0,309409983947057,309409983980057,309409984550364,309409984648672,309409984819672,309409984882134,309409985420826,309409988090364,309409989985826,
0,309410000270991,309410000270991,9223372036854775807,0,309410000657980,309410000693441,309410001287134,309410001434595,309410001648441,309410001737211,309410002332672,309410005879672,309410008470903,
0,309410016982114,309410016982114,309410011000000,309410011982114,309410017701672,309410019052903,309410019066826,309410019372057,309410019579749,309410019715134,309410020533211,309410023342826,309410025002595,
0,309410033693248,309410033693248,309410024000000,309410028693248,309410034645211,309410035585518,309410035609749,309410035723980,309410035902826,309410035989518,309410036651595,309410039278287,309410040969826,
0,309410050404650,309410050404650,309410041000000,309410045404650,309410050785057,309410051980211,309410052055441,309410052184441,309410052395211,309410052536903,309410053148826,309410057167287,309410058738749,
0,309410067116161,309410067116161,309410057000000,309410062116161,309410067488595,309410068751980,309410068791595,309410068936826,309410069175903,309410069258672,309410069862134,309410072979980,309410074276903,
0,309410083827718,309410083827718,309410074000000,309410078827718,309410084245595,309410092400749,309410092444134,309410092616211,309410096490364,309410096581134,309410101043672,309410104171980,309410105811672,
0,309410117250540,309410117250540,309410097000000,309410097000000,309410117953057,309410119666134,309410119708980,309410119847134,309410120171826,309410120261749,309410120834826,309410123923518,309410128210595,
0,309410133961728,309410133961728,309410125000000,309410125000000,309410134432749,309410135520364,309410135560211,309410135703826,309410135934441,309410136088364,309410136740826,309410142641518,309410146570134,
0,309410150672725,309410150672725,309410142000000,309410145672725,309410151123211,309410152317287,309410152362826,309410152496518,309410152722364,309410152864057,309410153494903,309410158539441,309410160252826,
0,309410167383706,309410167383706,309410160000000,309410162383706,309410167889211,309410169124441,309410169165595,309410169309287,309410169605441,309410169690057,309410170326903,309410176294903,309410178302980,
0,309410184094952,309410184094952,309410174000000,309410179094952,309410184521441,309410185759211,309410185804749,309410186591134,309410186834826,309410186945518,309410187568595,309410191484980,309410193321749,
0,309410200806116,309410200806116,9223372036854775807,0,309410201242672,309410201280134,309410202137749,309410202273134,309410202513211,309410202605903,309410203308518,309410207530057,309410209333672,
0,309410217517018,309410217517018,9223372036854775807,0,309410218561672,309410218595518,309410219120749,309410219225364,309410219404749,309410219543057,309410220244518,309410223897826,309410225821980,
0,309410234228329,309410234228329,9223372036854775807,0,309410234585980,309410234622749,309410235151903,309410235267980,309410235474903,309410235552980,309410236168211,309410241150672,309410242913364,
0,309410250939779,309410250939779,9223372036854775807,0,309410251326441,309410251362364,309410257873903,309410258026211,309410260821672,309410260910980,309410264587903,309410267322441,309410269128903,
0,309410267651013,309410267651013,9223372036854775807,0,309410268090441,309410268136211,309410268608518,309410268721364,309410268935980,309410269692518,309410270283903,309410273133287,309410275131518,
0,309410284362452,309410284362452,9223372036854775807,0,309410284726211,309410284760364,309410285248057,309410285354518,309410285542903,309410285613057,309410286178518,309410288791826,309410291136595,
0,309410301073794,309410301073794,9223372036854775807,0,309410301466518,309410301505364,309410302133826,309410302261441,309410302481441,309410302563672,309410303230518,309410306409980,309410308535057,
0,309410317785059,309410317785059,9223372036854775807,0,309410318724903,309410318759364,309410319376595,309410319492595,309410319679287,309410319915826,309410320672134,309410324746518,309410326772672,
0,309410334496324,309410334496324,9223372036854775807,0,309410336056364,309410336097134,309410336679749,309410336814287,309410337039518,309410337111441,309410337669980,309410340692211,309410342543441,
0,309410351207423,309410351207423,9223372036854775807,0,309410351578134,309410351617134,309410352180672,309410352295595,309410352496134,309410352574134,309410353137211,309410355647826,309410357470749,
0,309410367918968,309410367918968,9223372036854775807,0,309410368261134,309410368301364,309410368832441,309410368947211,309410369167826,309410369237287,309410369816364,309410374702980,309410376511211,
0,309410384630414,309410384630414,9223372036854775807,0,309410384995749,309410385033287,309410385594211,309410385711903,309410385914826,309410385980595,309410386552364,309410389108057,309410390784749,
0,309410401341702,309410401341702,9223372036854775807,0,309410401720057,309410401779749,309410409167903,309410409319057,309410411905595,309410412041057,309410417635518,309410421482441,309410423416287,
0,309410418053003,309410418053003,9223372036854775807,0,309410419873749,309410419911441,309410420703826,309410420834287,309410421072057,309410423963134,309410424669672,309410428752287,309410430251441,
0,309410434764178,309410434764178,9223372036854775807,0,309410435156441,309410435213749,309410435766134,309410435947134,309410436189287,309410436269134,309410436915364,309410440375441,309410442541595,
0,309410451475147,309410451475147,9223372036854775807,0,309410451847595,309410451881749,309410452440903,309410452544672,309410452728518,309410452801672,309410453500211,309410456527364,309410458600826,
0,309410468186269,309410468186269,9223372036854775807,0,309410468585749,309410468624364,309410469182826,309410469298287,309410469496441,309410469568749,309410470181826,309410473185980,309410475398672,
0,309410484897221,309410484897221,9223372036854775807,0,309410485301287,309410485355441,309410485874134,309410485973287,309410486156211,309410486229441,309410486899518,309410490242749,309410492655672,
0,309410501608117,309410501608117,9223372036854775807,0,309410502075826,309410502114595,309410502724364,309410502912441,309410503174057,309410503276980,309410503970826,309410507033287,309410509046672,
0,309410518319054,309410518319054,9223372036854775807,0,309410520586672,309410520639903,309410521342749,309410521457903,309410521642903,309410521722057,309410522266287,309410525025057,309410526997441,
0,309410535030235,309410535030235,9223372036854775807,0,309410535400749,309410535433057,309410535984749,309410536152826,309410536365287,309410536442057,309410537115518,309410540472672,309410542442134,
0,309410551741645,309410551741645,9223372036854775807,0,309410552195826,309410552233826,309410552818980,309410552931980,309410553137134,309410553216595,309410553863672,309410557122364,309410559070364,
0,309410568452963,309410568452963,9223372036854775807,0,309410568821980,309410568858057,309410569476595,309410569603287,309410569837211,309410569986057,309410570632903,309410577137287,309410579056057,
0,309410585164245,309410585164245,9223372036854775807,0,309410585540672,309410585574287,309410586124672,309410586240364,309410586443441,309410586504749,309410587064749,309410591344980,309410593147672,
0,309410601875550,309410601875550,9223372036854775807,0,309410602232364,309410602266364,309410602804826,309410602919749,309410603127287,309410603194441,309410603869903,309410606693287,309410608612595,
0,309410618586980,309410618586980,9223372036854775807,0,309410620231826,309410620268903,309410620929595,309410621050211,309410621268057,309410621332057,309410621881364,309410624517518,309410626283518,
0,309410635298405,309410635298405,9223372036854775807,0,309410635637364,309410635669672,309410636225211,309410636331595,309410636528441,309410636588826,309410637222672,309410640440595,309410642178672,
0,309410652009772,309410652009772,9223372036854775807,0,309410652374287,309410652406441,309410658016980,309410658154518,309410658312672,309410658394287,309410658931441,309410661604518,309410663624057,
0,309410668721084,309410668721084,9223372036854775807,0,309410669078518,309410669110287,309410671027518,309410671146518,309410674130134,309410674224672,309410677686518,309410681779364,309410683995672,
0,309410685432142,309410685432142,9223372036854775807,0,309410685838134,309410685891057,309410686561364,309410686684287,309410686898134,309410686989057,309410687661134,309410690704595,309410692607672,
0,309410702143170,309410702143170,9223372036854775807,0,309410702523287,309410702555980,309410703114211,309410703230134,309410703428595,309410703496903,309410704109441,309410707387364,309410709504441,
0,309410718854413,309410718854413,9223372036854775807,0,309410720498441,309410720534518,309410721239672,309410721372595,309410721581441,309410721649903,309410722199826,309410724909057,309410726591364,
0,309410735565657,309410735565657,9223372036854775807,0,309410735922057,309410735957287,309410736539595,309410736644903,309410736830749,309410736896287,309410737455134,309410740208287,309410742003441,
0,309410752276995,309410752276995,9223372036854775807,0,309410752641903,309410752675287,309410753184826,309410753293518,309410753480826,309410753549980,309410754182364,309410757285595,309410758928287,
0,309410768988336,309410768988336,9223372036854775807,0,309410769352595,309410769385749,309410769911287,309410770028980,309410770237211,309410770308903,309410770915980,309410773598134,309410775270672,
0,309410785699534,309410785699534,9223372036854775807,0,309410786078826,309410786112134,309410786688364,309410786797595,309410787002287,309410787074057,309410787690595,309410790939980,309410792791364,
0,309410802410845,309410802410845,9223372036854775807,0,309410802769134,309410802803134,309410803335518,309410803451134,309410803661287,309410803721826,309410804352749,309410807062903,309410808953364,
0,309410819122190,309410819122190,9223372036854775807,0,309410819877672,309410819915595,309410820592903,309410820716441,309410820951903,309410821028518,309410821638287,309410824665134,309410826509749,
0,309410835833577,309410835833577,9223372036854775807,0,309410836221749,309410836254980,309410836823903,309410836943057,309410837159518,309410837254057,309410837896441,309410840760903,309410842399287,
0,309410852544458,309410852544458,9223372036854775807,0,309410852949903,309410852983826,309410853526749,309410853643518,309410853849749,309410853915057,309410854481211,309410857143749,309410858872134,
0,309410869255799,309410869255799,9223372036854775807,0,309410869602134,309410869633672,309410870170211,309410870284134,309410870497441,309410870567134,309410871133980,309410873862749,309410875550518,
0,309410885967131,309410885967131,9223372036854775807,0,309410886286057,309410886318057,309410886842287,309410886954057,309410887150672,309410887227211,309410887809595,309410891010595,309410892822903,
0,309410902678424,309410902678424,9223372036854775807,0,309410903052441,309410903087980,309410903704672,309410903837057,309410904179441,309410904272211,309410904883364,309410908505364,309410910546518,
0,309410919389682,309410919389682,9223372036854775807,0,309410920113980,309410920151364,309410920826287,309410920954595,309410921178287,309410921256287,309410921858749,309410925162287,309410926894672,
0,309410936100977,309410936100977,9223372036854775807,0,309410936471903,309410936505980,309410937062364,309410937184903,309410937398826,309410937465903,309410938097826,309410941403980,309410943240980,
0,309410952812256,309410952812256,9223372036854775807,0,309410953184826,309410953218057,309410953774826,309410953894672,309410954094211,309410954167364,309410954804826,309410958065595,309410959964441,
0,309410969523617,309410969523617,9223372036854775807,0,309410969897211,309410969930595,309410970496287,309410970618441,309410970836364,309410970911211,309410971587826,309410974919749,309410976714980,
0,309410986234895,309410986234895,9223372036854775807,0,309410986598441,309410986632672,309410987167903,309410987285057,309410987500441,309410987575057,309410988298057,309410991592134,309410993582211,
0,309411002946232,309411002946232,9223372036854775807,0,309411003315980,309411003349134,309411003929903,309411004126441,309411004356672,309411004425980,309411005111595,309411008497441,309411010403211,
0,309411019657496,309411019657496,9223372036854775807,0,309411020318441,309411020356672,309411020983134,309411021094672,309411021299134,309411021383749,309411021981288,309411024859288,309411026664749,
0,309411036368773,309411036368773,9223372036854775807,0,309411036746595,309411036781057,309411037377672,309411037500211,309411037706749,309411037780288,309411038408595,309411041661826,309411043586134,
0,309411053080048,309411053080048,9223372036854775807,0,309411053458749,309411053492364,309411054124134,309411054257595,309411054486595,309411054567518,309411055146134,309411057866057,309411059714057,
0,309411069791366,309411069791366,9223372036854775807,0,309411070110441,309411070143980,309411070755211,309411070879364,309411071081826,309411071160057,309411071847364,309411075110211,309411077045595,
0,309411086502691,309411086502691,9223372036854775807,0,309411086871826,309411086905903,309411087479980,309411087597441,309411087800288,309411087875288,309411088498364,309411090995749,309411092830288,
0,309411103213991,309411103213991,9223372036854775807,0,309411103579288,309411103613134,309411104271980,309411104399057,309411104625134,309411104692518,309411105313595,309411108151134,309411110036980,
0,309411119925463,309411119925463,9223372036854775807,0,309411120602518,309411120640364,309411121291211,309411121414672,309411121626288,309411121694518,309411122257672,309411124827826,309411126791749,
0,309411136636538,309411136636538,9223372036854775807,0,309411136999980,309411137033903,309411137615441,309411137744595,309411137962364,309411138034903,309411138705595,309411142131595,309411143824826,
0,309411153347867,309411153347867,9223372036854775807,0,309411153719672,309411153753903,309411154318826,309411154440749,309411154644134,309411154717211,309411155358903,309411158676211,309411160558211,
0,309411170059110,309411170059110,9223372036854775807,0,309411170429364,309411170462288,309411171029211,309411171149057,309411171370903,309411171478364,309411172163288,309411175444364,309411177233211,
0,309411186770371,309411186770371,9223372036854775807,0,309411187149672,309411187182672,309411222851288,309411223013441,309411223227057,309411223300826,309411223892057,309411228201595,309411230278826,
