	3.94	0.60	4.50	3.73
	1.25	0.59	3.53	3.48
	7.52	3.77	12.61	1.75
	13.15	0.87	8.95	1.13
	8.16	0.35	2.68	0.83
	3.18	1.79	10.21	1.55
	1.30	1.14	4.00	4.84
	6.06	2.01	8.82	1.08
	1.60	1.05	8.17	3.33
	3.00	0.65	3.79	3.77
	1.79	0.46	4.12	4.48
	1.82	0.87	4.42	3.57
	4.60	4.56	9.32	1.64
	2.27	0.47	3.69	1.44
	1.85	0.55	7.57	1.21
	2.87	0.54	4.64	4.06
	7.66	3.83	12.99	1.20
	13.58	0.69	6.38	0.97
	5.80	1.40	2.83	0.84
	4.45	0.37	2.97	3.24
	3.04	0.41	12.33	5.49
	1.52	0.86	5.59	4.41
	2.77	2.41	11.32	1.53
	1.30	1.00	7.63	5.08
	1.22	0.49	5.01	3.17
	3.80	1.24	7.40	1.02
	9.05	1.14	9.53	3.92
	11.75	0.55	3.94	6.83
	3.71	1.08	7.97	3.83
	1.35	0.63	4.03	5.17
	5.58	4.98	15.31	1.59
	4.03	1.22	6.12	4.27
	1.65	0.75	3.39	1.04
	2.19	0.88	6.84	3.84
	2.39	1.04	6.32	4.52
	9.69	0.80	3.17	3.65
	9.18	0.82	6.76	1.53
	3.51	0.49	4.45	1.36
	3.89	1.89	7.68	1.01
	13.01	2.25	7.50	1.03
	5.53	0.51	9.05	4.65
	9.86	0.69	5.22	5.24
	2.15	0.52	3.26	0.94
	10.38	5.82	6.20	1.37
	7.25	1.48	6.70	1.31
	2.57	0.70	4.17	1.66
	3.19	0.46	3.11	5.14
	3.19	0.43	3.51	3.35
	2.33	0.47	3.11	3.98
	4.47	1.34	7.36	1.29
	2.26	0.51	3.11	3.56
	1.85	0.48	3.10	3.30
	1.61	0.99	5.34	3.81
	4.35	2.39	11.79	5.13
	8.66	1.14	11.33	4.44
	8.74	0.44	4.38	3.96
	11.12	0.68	4.02	4.26
	4.13	0.39	9.88	1.13
	3.62	2.37	8.53	0.98
	1.55	0.47	9.90	0.88
	2.96	0.81	3.37	3.30
	1.39	0.42	3.04	3.68
	1.36	0.97	8.16	1.09
	1.79	3.03	3.24	3.31
	7.69	2.42	9.50	1.07
	1.34	0.92	6.58	4.54
	2.61	0.92	3.17	3.28
	5.83	1.99	9.89	1.40
	5.34	1.30	10.16	1.18
	2.12	1.81	5.80	3.72
	1.75	1.08	20.86	1.35
	1.92	1.03	5.52	3.67
	2.78	0.94	14.80	3.59
	1.78	0.78	5.71	3.62
	1.77	0.98	6.14	3.62
	1.89	1.04	10.79	1.44
	1.51	1.04	7.22	3.91
	2.04	1.13	7.26	3.80
	1.89	0.97	6.91	3.84
	50.00	2.58	8.95	3.21
	28.49	1.08	8.41	5.36
	8.90	1.18	7.06	4.12
	1.84	0.98	8.58	3.95
	29.85	1.28	8.29	4.48
	16.16	1.00	7.04	3.78
	13.37	1.20	7.57	3.96
	12.72	1.04	7.71	3.78
	9.46	1.23	7.45	4.06
	1.41	0.49	3.35	3.07
	1.38	0.49	3.22	3.69
	2.10	1.17	6.60	3.59
	1.90	1.11	6.53	3.48
	2.09	1.06	6.87	3.62
	1.93	1.13	7.63	3.50
	1.75	1.04	8.06	3.48
	1.66	1.02	7.71	3.79
	2.04	1.13	9.23	3.89
	1.67	0.36	6.63	4.14
	1.36	0.61	9.17	4.05
	5.00	1.16	7.56	4.11
	1.75	0.97	7.37	4.36
	48.85	1.41	10.60	5.66
	35.30	1.20	12.42	4.56
	7.10	0.92	4.09	7.05
	29.13	1.33	13.60	1.02
	15.49	0.58	3.00	1.73
	18.39	0.90	5.54	4.22
	9.29	2.67	13.79	5.78
	8.87	1.94	11.25	0.99
	2.37	0.51	2.88	0.88
	1.55	0.49	6.86	4.36
	3.03	0.73	9.15	2.40
	0.94	0.52	5.93	4.34
	1.17	1.03	6.44	3.98
	0.82	1.09	7.01	3.99
	1.60	1.07	6.95	3.66
	2.69	1.15	7.84	4.29
	1.56	1.00	7.80	3.85
	1.47	1.11	8.54	4.58
	2.28	1.44	13.14	5.33
0,68388175107804,68388175107804,9223372036854775807,0,68388175607459,68388175638536,68388178759612,68388178871997,68388179048766,68388179117689,68388179719843,68388184223612,68388187948689,
0,68388191850943,68388191850943,9223372036854775807,0,68388192323689,68388192362689,68388192817612,68388192925382,68388193097305,68388193160382,68388193750997,68388197278997,68388200763689,
0,68388208592570,68388208592570,9223372036854775807,0,68388209185305,68388209225766,68388215066766,68388215183305,68388216111151,68388216496612,68388220266997,68388232876612,68388234625074,
0,68388225333544,68388225333544,9223372036854775807,0,68388235888382,68388235932920,68388236504459,68388237716305,68388238479997,68388238575151,68388239441305,68388248390074,68388249517228,
0,68388242074090,68388242074090,9223372036854775807,0,68388249022766,68388249029612,68388249759382,68388249935843,68388250233689,68388250304920,68388250652382,68388253336689,68388254163151,
0,68388258815542,68388258815542,9223372036854775807,0,68388259652997,68388259692228,68388260103459,68388261264997,68388261998228,68388262093689,68388263880843,68388274095151,68388275642997,
0,68388275557550,68388275557550,9223372036854775807,0,68388276151689,68388276156074,68388276648305,68388276730382,68388276859843,68388276901920,68388278037074,68388282041151,68388286878459,
0,68388309041248,68388309041248,68388294000000,68388297000000,68388309707766,68388311463997,68388311484689,68388312841228,68388315097689,68388315318920,68388317323997,68388326147459,68388327222459,
0,68388325783218,68388325783218,68388316000000,68388316000000,68388326363843,68388327091305,68388327111997,68388327221997,68388327381612,68388327627151,68388328677305,68388336848228,68388340174766,
0,68388342525159,68388342525159,68388333000000,68388337525159,68388343134074,68388345063459,68388345089612,68388345239305,68388345520612,68388345595920,68388346247843,68388350042228,68388353811997,
0,68388359267890,68388359267890,68388351000000,68388354267890,68388359816151,68388360773843,68388360795920,68388360899843,68388361062843,68388361130151,68388361589074,68388365706766,68388370189997,
0,68388376011006,68388376011006,68388366000000,68388371011006,68388376605228,68388377528997,68388377554459,68388377666920,68388377833228,68388377899536,68388378772920,68388383195920,68388386770074,
0,68388392753986,68388392753986,68388383000000,68388387753986,68388393268151,68388396210305,68388396236305,68388396338536,68388397355536,68388397404382,68388401965074,68388411286689,68388412929151,
0,68388409496317,68388409496317,68388401000000,68388404496317,68388410037459,68388411474382,68388411498843,68388411611843,68388411764074,68388413200382,68388413665612,68388417355459,68388418792074,
0,68388426238256,68388426238256,68388417000000,68388421238256,68388426837920,68388427731305,68388427754612,68388427865228,68388428085305,68388428145997,68388428691612,68388436260228,68388437474766,
0,68388442979705,68388442979705,68388433000000,68388437979705,68388443754228,68388445544228,68388445571382,68388445685766,68388445852843,68388445928382,68388446465228,68388451107074,68388455167843,
0,68388459721424,68388459721424,68388451000000,68388454721424,68388460281459,68388465226305,68388465261997,68388465386382,68388467386151,68388467496228,68388471323305,68388484315459,68388485515766,
0,68388476461046,68388476461046,9223372036854775807,0,68388477823843,68388477852612,68388486343382,68388488316612,68388490044074,68388490100920,68388490787536,68388497166612,68388498138612,
0,68388493202207,68388493202207,9223372036854775807,0,68388493964074,68388494012459,68388495800997,68388497819536,68388499004612,68388499057612,68388500456843,68388503288228,68388504127612,
0,68388509943439,68388509943439,9223372036854775807,0,68388513322920,68388513329766,68388513965459,68388514134689,68388514393382,68388514481074,68388514852074,68388517822151,68388521066074,
0,68388526684836,68388526684836,9223372036854775807,0,68388527636920,68388527713228,68388529020536,68388529290612,68388529724689,68388529819382,68388530227843,68388542562151,68388548054459,
0,68388543426707,68388543426707,9223372036854775807,0,68388544167920,68388544206997,68388544683382,68388544785459,68388544945459,68388548471997,68388549332843,68388554919612,68388559331612,
0,68388560168814,68388560168814,9223372036854775807,0,68388560642997,68388560661766,68388562044074,68388562117074,68388562941151,68388563058843,68388565473228,68388576796766,68388578323612,
0,68388576911105,68388576911105,9223372036854775807,0,68388577488920,68388577526536,68388577942305,68388578045228,68388578207459,68388578741074,68388579738689,68388587367843,68388592450074,
0,68388593653415,68388593653415,9223372036854775807,0,68388594160536,68388594189074,68388594553689,68388594654997,68388594872843,68388594941151,68388595426536,68388600431920,68388603605843,
0,68388627139567,68388627139567,68388610000000,68388612500000,68388627739689,68388628946151,68388628967228,68388630190459,68388630938997,68388631095151,68388632334382,68388639729612,68388640752382,
0,68388643881607,68388643881607,68388634000000,68388634000000,68388644560151,68388648181074,68388648259382,68388648460843,68388652933382,68388653016382,68388654155305,68388663683612,68388667598689,
0,68388660622813,68388660622813,68388654000000,68388655622813,68388669796228,68388671975074,68388672085305,68388672205151,68388672375920,68388672520228,68388673069228,68388677010151,68388683842074,
0,68388694094689,68388694094689,68388677000000,68388677000000,68388696807305,68388697548459,68388697565843,68388697661843,68388697806843,68388697943074,68388699026459,68388706997151,68388710824382,
0,68388710836994,68388710836994,68388703000000,68388703000000,68388711304074,68388711933536,68388711948766,68388712070689,68388712191382,68388712239536,68388712867151,68388716898843,68388722066151,
0,68388727579496,68388727579496,68388719000000,68388722579496,68388728100228,68388732157689,68388732181920,68388732291074,68388733163843,68388733411843,68388738388151,68388753696305,68388755282305,
0,68388744321554,68388744321554,68388737000000,68388739321554,68388746294305,68388747996612,68388748079612,68388748193459,68388748349997,68388755713305,68388756934305,68388763050612,68388767325151,
0,68388761062601,68388761062601,68388753000000,68388756062601,68388761739689,68388762449228,68388762470536,68388762574689,68388762714074,68388767713228,68388768458612,68388771849997,68388772891228,
0,68388777803415,68388777803415,68388770000000,68388772803415,68388778495151,68388779633151,68388779662382,68388779793151,68388779988920,68388780158151,68388781043074,68388787883228,68388791720843,
0,68388794544852,68388794544852,68388785000000,68388789544852,68388795250689,68388796538997,68388796576151,68388796718305,68388796939382,68388797085997,68388798127305,68388804445459,68388808967074,
0,68388811287451,68388811287451,9223372036854775807,0,68388811812843,68388811852612,68388818280689,68388818462459,68388820978151,68388821076997,68388821881612,68388825053459,68388828701920,
0,68388828029989,68388828029989,9223372036854775807,0,68388835774920,68388835814151,68388836966382,68388837061228,68388837209305,68388837360920,68388838185074,68388844945305,68388846470843,
0,68388844772127,68388844772127,9223372036854775807,0,68388845657920,68388845695766,68388846072689,68388847624228,68388848278920,68388848347689,68388848841843,68388853287843,68388854644305,
0,68388861513450,68388861513450,9223372036854775807,0,68388862549613,68388862586997,68388863018074,68388864604920,68388865402997,68388866041766,68388867932766,68388875615689,68388876621536,
0,68388878253824,68388878253824,9223372036854775807,0,68388878892536,68388878895920,68388890022613,68388890173228,68388891258920,68388891390228,68388893636151,68388901136305,68388902164459,
0,68388894996018,68388894996018,9223372036854775807,0,68388895542228,68388895577305,68388900235074,68388900356997,68388900522997,68388903336689,68388903845151,68388912896613,68388917551074,
0,68388911737419,68388911737419,9223372036854775807,0,68388919504689,68388919535920,68388919801305,68388920840689,68388921599305,68388921711843,68388922399536,68388927616613,68388932852613,
0,68388928476358,68388928476358,9223372036854775807,0,68388929324997,68388929330997,68388930136459,68388930326382,68388930628151,68388933114305,68388933639074,68388936899305,68388937839689,
0,68388945218557,68388945218557,68388936000000,68388940000000,68388945898843,68388952849228,68388952864613,68388954333689,68388955599459,68388955691689,68388961511536,68388967712151,68388969084536,
0,68388961961014,68388961961014,9223372036854775807,0,68388965697536,68388965907074,68388965935613,68388968290151,68388969207536,68388972644536,68388974121766,68388980819228,68388982133843,
0,68388978701901,68388978701901,68388958000000,68388958000000,68388979362151,68388980985997,68388981014920,68388981117536,68388981271766,68388982412151,68388983114689,68388987286843,68388988946074,
0,68388995428444,68388995428444,68388987000000,68388987000000,68388997144459,68388998239074,68388998265459,68388998400151,68388998616151,68388998676382,68388999136843,68389002251613,68389007396151,
0,68389012166398,68389012166398,68389003000000,68389007166398,68389014259151,68389015074074,68389015093228,68389015193228,68389015357536,68389015414766,68389015845997,68389019352920,68389022702536,
0,68389028907759,68389028907759,68389020000000,68389023907759,68389029622151,68389030847074,68389030875305,68389031010305,68389031238997,68389031301766,68389031769459,68389034876382,68389038855382,
0,68389045648815,68389045648815,68389036000000,68389040648815,68389046259689,68389048815689,68389048848151,68389048969997,68389050123536,68389050302305,68389051641766,68389059004536,68389060297766,
0,68389062391411,68389062391411,68389054000000,68389057391411,68389063351074,68389064361151,68389064386074,68389064491997,68389064649843,68389064705843,68389065212459,68389068325689,68389071886382,
0,68389079133617,68389079133617,68389069000000,68389074133617,68389079726074,68389080667151,68389080695613,68389080803228,68389080982536,68389081036920,68389081519843,68389084619689,68389087924613,
0,68389095875814,68389095875814,68389088000000,68389090875814,68389096387536,68389097182613,68389097205382,68389097310151,68389097483920,68389097633613,68389098624305,68389103967766,68389107773305,
0,68389112618286,68389112618286,68389102000000,68389107618286,68389113139613,68389115573305,68389115600997,68389115710843,68389116966920,68389117105920,68389119499382,68389131287920,68389136414536,
0,68389129360566,68389129360566,9223372036854775807,0,68389137513689,68389137529689,68389137745613,68389137843689,68389138021536,68389138380305,68389139516459,68389150843920,68389155286382,
0,68389146101673,68389146101673,9223372036854775807,0,68389146684536,68389146693536,68389154649613,68389154736459,68389154845228,68389157086766,68389157525459,68389161901459,68389165858843,
0,68389162843955,68389162843955,9223372036854775807,0,68389164526997,68389164576997,68389165138920,68389168391459,68389173962536,68389174065689,68389174748843,68389178773074,68389183034843,
0,68389179585828,68389179585828,9223372036854775807,0,68389182192920,68389182197382,68389183515305,68389183597228,68389183715074,68389183761613,68389184147536,68389194030305,68389195160228,
0,68389196327915,68389196327915,9223372036854775807,0,68389196882766,68389196912843,68389198910151,68389199028228,68389199951997,68389200107228,68389202477151,68389211004382,68389211989151,
0,68389213070614,68389213070614,9223372036854775807,0,68389213504997,68389213533766,68389214413228,68389214489843,68389214615843,68389214671459,68389215143536,68389225047997,68389225930689,
0,68389229813370,68389229813370,9223372036854775807,0,68389230358382,68389230399997,68389230809536,68389231951536,68389232770689,68389232847920,68389233661074,68389237032536,68389240335843,
0,68389246555933,68389246555933,9223372036854775807,0,68389247130151,68389247135766,68389247648613,68389247756613,68389247941766,68389248106228,68389248522997,68389251566689,68389255242151,
0,68389263298080,68389263298080,9223372036854775807,0,68389263841689,68389263881151,68389264381536,68389264485766,68389264655382,68389264878536,68389265850382,68389274011997,68389275105920,
0,68389280040012,68389280040012,9223372036854775807,0,68389280671689,68389280722151,68389281432766,68389281580536,68389281827766,68389281991151,68389285017305,68389288262074,68389291574074,
0,68389296783056,68389296783056,9223372036854775807,0,68389297265382,68389297305766,68389302674459,68389302794151,68389304477382,68389304572843,68389306989920,68389316486382,68389317560766,
0,68389313526337,68389313526337,9223372036854775807,0,68389314109689,68389314148536,68389314592459,68389314699074,68389314867920,68389317929151,68389318851920,68389325431228,68389329974459,
0,68389330268697,68389330268697,9223372036854775807,0,68389330702074,68389330731689,68389331016382,68389332257689,68389332882920,68389332991536,68389333907766,68389337078459,68389340358843,
0,68389347011528,68389347011528,9223372036854775807,0,68389347626920,68389347684382,68389348341766,68389351175613,68389352841536,68389353088536,68389355082920,68389364973459,68389366375459,
0,68389363754302,68389363754302,9223372036854775807,0,68389364310920,68389364351382,68389364865613,68389367705843,68389369095074,68389369180151,68389370480843,68389380638843,68389381814536,
0,68389380497201,68389380497201,9223372036854775807,0,68389381100151,68389381107228,68389382079766,68389382280766,68389382621689,68389382781689,68389384593920,68389390394228,68389394114536,
0,68389397239930,68389397239930,9223372036854775807,0,68389397794689,68389397849074,68389398546689,68389398715613,68389398987382,68389399131382,68389400206766,68389421064997,68389422410920,
0,68389413982672,68389413982672,9223372036854775807,0,68389414631613,68389414690382,68389415447074,68389415619920,68389415902997,68389423484536,68389424509689,68389430027766,68389433693997,
0,68389430725241,68389430725241,9223372036854775807,0,68389431308613,68389431360382,68389433061997,68389433233228,68389433507151,68389434096843,68389435032843,68389449834536,68389453427613,
0,68389447467999,68389447467999,9223372036854775807,0,68389448078920,68389448135997,68389448827920,68389448998536,68389449250843,68389454458689,68389455235074,68389460943843,68389464565074,
0,68389464210793,68389464210793,9223372036854775807,0,68389464765536,68389464826305,68389465653536,68389465786382,68389465981228,68389466102689,68389467087613,68389473223766,68389476845843,
0,68389480953326,68389480953326,9223372036854775807,0,68389481512382,68389481565843,68389482368689,68389482541843,68389482841536,68389483022459,68389484060613,68389494851459,68389496291382,
0,68389497695941,68389497695941,9223372036854775807,0,68389498196228,68389498238459,68389498851228,68389498971305,68389499206305,68389499349766,68389500393305,68389507610843,68389511520843,
0,68389514438829,68389514438829,9223372036854775807,0,68389514916536,68389514969689,68389515789920,68389515960459,68389516477459,68389516616305,68389517748305,68389525007228,68389528805689,
0,68389531181656,68389531181656,9223372036854775807,0,68389531689228,68389531745228,68389532636613,68389532805305,68389533068151,68389533205151,68389534173689,68389541084305,68389544926151,
0,68389547924765,68389598184440,9223372036854775807,0,68389612202843,68389612254074,68389631812459,68389632100459,68389634454382,68389634772766,68389637348613,68389646297997,68389649509228,
0,68389614892173,68389631645398,9223372036854775807,0,68389640970920,68389641032151,68389643008151,68389643152382,68389643384536,68389649967382,68389651046536,68389659460382,68389664816151,
0,68389648377189,68389648377189,9223372036854775807,0,68389655466382,68389655529074,68389656357536,68389656523228,68389657275151,68389665339305,68389666516689,68389673579382,68389677695997,
0,68389681857309,68389681857309,9223372036854775807,0,68389682972997,68389683011074,68389683429689,68389683529920,68389683697613,68389684210228,68389685192305,68389693774843,68389697725228,
0,68389698594347,68389698594347,9223372036854775807,0,68389710437305,68389710474536,68389724097689,68389724256382,68389728445920,68389728606382,68389729882228,68389738175151,68389742651536,
0,68389715335883,68389715335883,9223372036854775807,0,68389730275305,68389730315613,68389730897997,68389731256074,68389731499689,68389743159613,68389744157074,68389751198228,68389754975305,
0,68389732077387,68389732077387,9223372036854775807,0,68389744646843,68389744683074,68389745151766,68389745257459,68389745450613,68389755504074,68389756707843,68389764274997,68389768236228,
0,68389748819165,68389748819165,9223372036854775807,0,68389760216689,68389760274613,68389761135843,68389761283228,68389761539151,68389768809151,68389769849151,68389777554613,68389781334920,
0,68389765560575,68389765560575,9223372036854775807,0,68389773719151,68389773777459,68389774582613,68389774759228,68389775025382,68389781841382,68389783070459,68389790520228,68389794581536,
0,68389799045633,68389799045633,9223372036854775807,0,68389799561920,68389799597997,68389800165228,68389800270689,68389800452305,68389800562920,68389801057459,68389804403536,68389807477382,
0,68389815788343,68389815788343,9223372036854775807,0,68389816348151,68389816388074,68389816894920,68389816997536,68389817171305,68389817226228,68389817718151,68389820941536,68389824633228,
0,68389832530105,68389832530105,9223372036854775807,0,68389833275151,68389833328920,68389834159074,68389834341997,68389834631843,68389834797228,68389835967766,68389842566689,68389846155382,
0,68389849271980,68389849271980,9223372036854775807,0,68389849915689,68389849968151,68389850744997,68389850913074,68389851176459,68389851315766,68389852422151,68389858952151,68389862428613,
0,68389866014480,68389866014480,9223372036854775807,0,68389866617074,68389866670766,68389867560920,68389867772689,68389868103766,68389868239766,68389869299689,68389876168689,68389879788689,
0,68389882757170,68389882757170,9223372036854775807,0,68389883321074,68389883376151,68389884217766,68389884401382,68389884690459,68389884833459,68389885963536,68389893594305,68389897095997,
0,68389899499780,68389899499780,9223372036854775807,0,68389899957920,68389900046305,68389900801228,68389900974766,68389901246613,68389901378228,68389902421689,68389910481766,68389913966766,
0,68389916242638,68389916242638,9223372036854775807,0,68389916730843,68389916770228,68389917448305,68389917627382,68389917907613,68389918041920,68389919066843,68389926778536,68389930565459,
0,68389932985457,68389932985457,9223372036854775807,0,68389933674382,68389933731382,68389934555074,68389934740228,68389935029382,68389935178536,68389936312305,68389945539613,68389949427151,
0,68389949727048,68389949727048,9223372036854775807,0,68389950381689,68389950425382,68389951038536,68389951175997,68389951401843,68389951512074,68389951874074,68389958503151,68389962646459,
0,68389966469133,68389966469133,9223372036854775807,0,68389966993536,68389967033305,68389967558689,68389967658074,68389967824382,68389967889151,68389968494151,68389977660151,68389981709459,
0,68389983211663,68389983211663,9223372036854775807,0,68389986878536,68389986942920,68389987684843,68389987846920,68389988214382,68389989391151,68389990550228,68389998107689,68390002217459,
0,68389999791174,68389999791174,9223372036854775807,0,68390000548689,68390000603843,68390001046766,68390001225536,68390001543228,68390002754920,68390003723536,68390011096074,68390015458613,
0,68390016533342,68390016533342,9223372036854775807,0,68390018321305,68390018377305,68390057258920,68390063132689,68390065383613,68390065623766,68390067032920,68390077632536,68390083290689,
0,68390033275404,68390066781854,9223372036854775807,0,68390067642228,68390067695997,68390067833843,68390068097843,68390068571382,68390083836151,68390085040228,68390097455382,68390102019843,
0,68390083479873,68390083479873,9223372036854775807,0,68390090137997,68390090182536,68390090251920,68390090363459,68390090582536,68390102636613,68390103551766,68390107644305,68390114695151,
0,68390100217640,68390100217640,9223372036854775807,0,68390115244151,68390115277074,68390115374689,68390116731689,68390129342920,68390129453536,68390130780920,68390144380690,68390145404613,
0,68390116956592,68390116956592,9223372036854775807,0,68390131336459,68390131396689,68390131603613,68390131848228,68390132447382,68390145686690,68390146265766,68390149265536,68390150999305,
0,68390133695398,68390150448623,9223372036854775807,0,68390151254766,68390151312766,68390151483459,68390151664843,68390152084613,68390152132382,68390153032382,68390158574766,68390162792382,
0,68390167172362,68390167172362,9223372036854775807,0,68390168415074,68390168468843,68390168611228,68390174018305,68390176465151,68390176528382,68390179203151,68390192988843,68390198769843,
0,68390183910996,68390183910996,9223372036854775807,0,68390184629074,68390187224536,68390187414613,68390189555228,68390192780382,68390199975074,68390201917690,68390213168074,68390214161536,
0,68390200650524,68390200650524,9223372036854775807,0,68390202349920,68390202396920,68390202497766,68390202691305,68390203018920,68390214409920,68390214924074,68390217800382,68390218683997,
0,68390217389580,68390217389580,9223372036854775807,0,68390218115459,68390218169613,68390218298151,68390218512459,68390218938843,68390218986305,68390219478690,68390226338459,68390230694228,
0,68390234128607,68390234128607,9223372036854775807,0,68390234669228,68390234710305,68390234785766,68390236166151,68390237157459,68390237226766,68390237953690,68390247104228,68390249508151,
0,68390250868422,68390250868422,9223372036854775807,0,68390251352459,68390251384613,68390251466997,68390251572843,68390251810613,68390251846459,68390252371459,68390258298151,68390262634305,
0,68390267607745,68390267607745,9223372036854775807,0,68390268258536,68390268290766,68390268391536,68390268509305,68390268778997,68390268869151,68390269896228,68390276337536,68390280315613,
0,68390284345534,68390284345534,9223372036854775807,0,68390284907536,68390284918074,68390284981382,68390285033151,68390285162997,68390289219305,68390290313920,68390297325305,68390301316459,
0,68390301084497,68390301084497,9223372036854775807,0,68390301979997,68390302022690,68390302175766,68390302346382,68390302685305,68390302758690,68390303825843,68390310771151,68390314435305,
0,68390317821936,68390317821936,9223372036854775807,0,68390318753074,68390318805228,68390318976228,68390319125536,68390320509228,68390320663305,68390321816690,68390329657305,68390333952074,
0,68390334560014,68390334560014,9223372036854775807,0,68390335287151,68390335326613,68390335471305,68390335626920,68390336122920,68390336264536,68390337261766,68390345056843,68390348909536,
0,68390351297512,68390351297512,9223372036854775807,0,68390352275920,68390352312843,68390352447382,68390352600613,68390352770920,68390352925536,68390354039766,68390362577228,68390367161766,
0,68391346674839,68391346674839,9223372036854775807,0,68391347439151,68391347501305,68391347505690,68391347728074,68391348958613,68391349166920,68391350609305,68391363752382,68391369087228,
