0,8393179145527,8393179145527,8393171000000,8393171000000,8393179685498,8393180468652,8393180485960,8393181716806,8393182515113,8393182664344,8393184638344,8393190948729,8393193235036,
0,8393195611290,8393195611290,8393188000000,8393190611290,8393196209806,8393202156960,8393202181498,8393204772883,8393209068652,8393209195267,8393215434036,8393221101113,8393223934190,
0,8393212081181,8393212081181,8393207000000,8393207081181,8393216211344,8393218780575,8393218817190,8393218943498,8393219153498,8393224199729,8393225394652,8393229136498,8393232150575,
0,8393228548254,8393228548254,9223372036854775807,0,8393229402113,8393229647036,8393229696267,8393232327806,8393244236960,8393244354575,8393248156113,8393253342498,8393257083036,
0,8393245013345,8393245013345,8393227000000,8393235000000,8393249384729,8393250692729,8393250721267,8393253634575,8393254986960,8393257361575,8393262554652,8393267028806,8393269184729,
0,8393277946411,8393277946411,8393257000000,8393257000000,8393278430113,8393279363190,8393279396960,8393279519883,8393279725960,8393279835036,8393280627806,8393284809498,8393288087575,
0,8393294409159,8393294409159,8393284000000,8393284000000,8393294786190,8393295738498,8393295769190,8393295884806,8393296051190,8393296137960,8393296783190,8393300284113,8393304063421,
0,8393310872244,8393310872244,8393301000000,8393305872244,8393311318652,8393324579267,8393324609498,8393324736575,8393325824960,8393325927498,8393326765421,8393329984806,8393332431421,
0,8393343810380,8393343810380,8393329000000,8393329000000,8393344245421,8393345032575,8393345058575,8393345161575,8393345331806,8393345418960,8393346076421,8393349317729,8393351802421,
0,8393360275404,8393360275404,8393350000000,8393350000000,8393360665344,8393361510267,8393361537113,8393361654729,8393361831883,8393361926806,8393362603498,8393366031960,8393368347113,
0,8393376740204,8393376740204,9223372036854775807,0,8393377107729,8393377142036,8393377792806,8393377900267,8393378062652,8393378144498,8393378776190,8393383093729,8393385318036,
0,8393393202468,8393393202468,9223372036854775807,0,8393393623113,8393393654883,8393394187652,8393394286267,8393394440883,8393394520883,8393395142883,8393398119113,8393400322575,
0,8393409673232,8393409673232,9223372036854775807,0,8393410046113,8393410083113,8393412783498,8393412895883,8393413800575,8393413898729,8393416320113,8393420376344,8393423570190,
0,8393426131748,8393426131748,9223372036854775807,0,8393429936652,8393429971036,8393431791960,8393434142498,8393435593267,8393435845960,8393437977421,8393445424190,8393448300960,
0,8393442599545,8393442599545,9223372036854775807,0,8393443050729,8393443087498,8393443504806,8393444793036,8393445608421,8393448536883,8393450952267,8393455040806,8393456724190,
0,8393459064194,8393459064194,9223372036854775807,0,8393459571883,8393459615575,8393460349960,8393462609267,8393463764421,8393463968806,8393466299883,8393470664421,8393472658883,
0,8393475528738,8393475528738,9223372036854775807,0,8393476097729,8393476102960,8393476935267,8393477109652,8393477374113,8393477548113,8393478559036,8393481984960,8393483890113,
0,8393491995073,8393491995073,9223372036854775807,0,8393492527421,8393492564267,8393493107960,8393493223344,8393493405652,8393493536113,8393494290421,8393497641344,8393501910575,
0,8393508458925,8393508458925,8393498000000,8393501000000,8393508979267,8393509718267,8393509735267,8393511425498,8393512368267,8393512473036,8393513726960,8393517454113,8393520998498,
0,8393524926557,8393524926557,8393515000000,8393519926557,8393525491267,8393530391498,8393530414113,8393531644729,8393533438113,8393533537267,8393535726190,8393539849652,8393543270267,
0,8393541389374,8393541389374,8393535000000,8393536389374,8393541917575,8393543634344,8393543661960,8393545346036,8393546435806,8393546659806,8393549447190,8393553029806,8393554881036,
0,8393557853541,8393557853541,8393549000000,8393552853541,8393558373652,8393559341421,8393559368652,8393561064575,8393562120344,8393562252806,8393564904883,8393568529575,8393570734190,
0,8393574315415,8393574315415,8393564000000,8393569315415,8393574924036,8393576202421,8393576240960,8393576390960,8393576617883,8393576748267,8393577486729,8393580781729,8393583196498,
0,8393590800795,8393590800795,8393581000000,8393585800795,8393591900344,8393601641036,8393601667652,8393601775190,8393602773344,8393602871190,8393603539806,8393606538113,8393609440190,
0,8393623723642,8393623723642,8393607000000,8393607000000,8393624213729,8393625926036,8393625964190,8393626104652,8393626301344,8393626402344,8393627238498,8393630739267,8393633256729,
0,8393640187710,8393640187710,8393631000000,8393631000000,8393640648498,8393641591344,8393641623267,8393641751421,8393641957036,8393642060498,8393642796960,8393646096036,8393648465113,
0,8393656651879,8393656651879,8393647000000,8393651651879,8393657145190,8393658840575,8393658880190,8393659010960,8393659230036,8393659329806,8393660058652,8393663317113,8393665670883,
0,8393673113213,8393673113213,8393664000000,8393668113213,8393673640344,8393679129190,8393679165036,8393679310190,8393680616036,8393680755883,8393681611960,8393685952729,8393689854036,
0,8393689584152,8393689584152,9223372036854775807,0,8393693479498,8393693502190,8393693895729,8393694019113,8393694225113,8393694323113,8393695115498,8393698839498,8393702516036,
0,8393706045864,8393706045864,9223372036854775807,0,8393706854498,8393706891652,8393708383421,8393709558806,8393710465190,8393710614190,8393713787498,8393719238113,8393720703190,
0,8393722510115,8393722510115,9223372036854775807,0,8393722973575,8393723012498,8393723536883,8393725010344,8393725837190,8393725961806,8393728037113,8393732233498,8393734138421,
0,8393738972288,8393738972288,9223372036854775807,0,8393739480498,8393739516652,8393740071575,8393741484113,8393742353652,8393742448036,8393747128729,8393750604806,8393753170575,
0,8393755444528,8393755444528,9223372036854775807,0,8393756097806,8393756103267,8393756800883,8393756944036,8393757202498,8393757414498,8393758188806,8393761173960,8393763996421,
0,8393771902664,8393771902664,9223372036854775807,0,8393772368806,8393772405036,8393777206729,8393777333960,8393778907729,8393779051652,8393780243960,8393784284267,8393786792652,
0,8393788366261,8393788366261,9223372036854775807,0,8393788898883,8393788951113,8393789563267,8393791769036,8393792574113,8393792685575,8393794122806,8393797598806,8393799533344,
0,8393804832034,8393804832034,9223372036854775807,0,8393805438575,8393805470575,8393805942575,8393807176498,8393808136498,8393808239806,8393811227036,8393816288575,8393818738421,
0,8393837755943,8393837755943,8393819000000,8393821500000,8393838347190,8393839126113,8393839148729,8393840630344,8393841539036,8393841668113,8393844099498,8393850444267,8393852985806,
0,8393854221185,8393854221185,8393844000000,8393844000000,8393854709113,8393855874883,8393855920498,8393857889190,8393859224267,8393859342498,8393862687652,8393866792498,8393868877806,
0,8393870693447,8393870693447,8393861000000,8393865693447,8393871168421,8393877642806,8393877673652,8393877798806,8393879317421,8393879438498,8393880552806,8393883933729,8393888185575,
0,8393887155362,8393887155362,9223372036854775807,0,8393888922575,8393889083575,8393889116883,8393891389113,8393892453498,8393892596883,8393894471729,8393900412960,8393903121113,
0,8393903622138,8393903622138,8393883000000,8393883000000,8393904130960,8393905239652,8393905271113,8393907347729,8393908366113,8393908468960,8393910885421,8393915144575,8393917196575,
0,8393920088261,8393920088261,8393910000000,8393910000000,8393920697267,8393921722036,8393921750421,8393923494960,8393924754036,8393924870575,8393927015498,8393931576267,8393933640575,
0,8393936551965,8393936551965,8393927000000,8393931551965,8393937086575,8393947789190,8393947816575,8393947935421,8393949627729,8393949746498,8393950572036,8393956524729,8393959071960,
0,8393969495849,8393969495849,8393954000000,8393954000000,8393970069806,8393971120344,8393971156113,8393971334883,8393971588421,8393971717421,8393972526883,8393976347806,8393979316036,
0,8393985959559,8393985959559,8393976000000,8393976000000,8393986569036,8393988691344,8393988726883,8393988855498,8393989048344,8393989163960,8393990164113,8393993642190,8393996672190,
0,8394002425656,8394002425656,8393994000000,8393997425656,8394003001036,8394004855960,8394004895190,8394005037267,8394005245498,8394005359344,8394006092806,8394009579036,8394012320036,
0,8394018888351,8394018888351,8394010000000,8394013888351,8394019486113,8394020706806,8394020742960,8394020888575,8394021132806,8394021252113,8394021976267,8394025291883,8394028805498,
0,8394035352528,8394035352528,9223372036854775807,0,8394035995344,8394036031344,8394037361652,8394037475652,8394037659190,8394037750113,8394038416883,8394042375575,8394044857883,
0,8394051817850,8394051817850,9223372036854775807,0,8394052423575,8394052460652,8394058569344,8394058715037,8394060540652,8394060662806,8394061709652,8394065630883,8394068187113,
0,8394068282117,8394068282117,9223372036854775807,0,8394069040267,8394069078190,8394069557575,8394071794190,8394073117960,8394073268883,8394075751498,8394079710652,8394082606960,
0,8394084750421,8394084750421,9223372036854775807,0,8394085452806,8394085459421,8394086111344,8394086248652,8394086502729,8394086634421,8394087551729,8394090859729,8394093361806,
0,8394101218054,8394101218054,9223372036854775807,0,8394101663190,8394101699729,8394106727806,8394108927883,8394111398960,8394111546883,8394113833267,8394119879267,8394123305806,
0,8394117335250,8394117335250,9223372036854775807,0,8394117795498,8394117830113,8394119015267,8394120736421,8394121935421,8394123503344,8394127639960,8394131879190,8394134343267,
0,8394134126394,8394134126394,9223372036854775807,0,8394134822806,8394134880267,8394135396960,8394138014652,8394139908883,8394140117729,8394143688806,8394147772883,8394150423037,
0,8394150592653,8394150592653,9223372036854775807,0,8394151161344,8394151203652,8394151783575,8394154089960,8394155625113,8394155779652,8394157671190,8394161830575,8394164362498,
0,8394167058665,8394167058665,8394161000000,8394162058665,8394167719960,8394179131498,8394179156037,8394179477575,8394181006575,8394181139267,8394182700729,8394186336652,8394188697344,
0,8394183527757,8394183527757,9223372036854775807,0,8394184612883,8394184653498,8394184770344,8394186424344,8394187501113,8394188902575,8394192195267,8394196513575,8394198823652,
0,8394199988079,8394199988079,8394184000000,8394184000000,8394200566652,8394201544190,8394201572344,8394203163498,8394204237267,8394204384498,8394206470498,8394210584498,8394213216729,
0,8394216453424,8394216453424,8394206000000,8394206000000,8394216995498,8394219473498,8394219508498,8394220865498,8394221695037,8394221803037,8394224544498,8394228977190,8394231044421,
0,8394232917623,8394232917623,8394224000000,8394227917623,8394233513575,8394234678575,8394234711575,8394234844113,8394235105883,8394235210575,8394235942421,8394239570037,8394243186729,
0,8394249385013,8394249385013,8394240000000,8394244385013,8394254159883,8394255060190,8394255088344,8394255201575,8394255388575,8394255480113,8394256098344,8394259692113,8394262887037,
0,8394265849005,8394265849005,8394260000000,8394260849005,8394266431267,8394284436037,8394284472344,8394284750729,8394287945960,8394288080883,8394290183190,8394294042575,8394299224498,
0,8394298778854,8394298778854,8394290000000,8394290000000,8394302200113,8394304095037,8394304121960,8394304213729,8394305673113,8394305835421,8394308689421,8394312914037,8394318132267,
0,8394315241796,8394315241796,8394309000000,8394310241796,8394316328806,8394317296575,8394317320421,8394320284421,8394321381190,8394321532960,8394323410190,8394327079267,8394329310037,
0,8394331706791,8394331706791,8394323000000,8394326706791,8394332393421,8394333705960,8394333745575,8394335590883,8394336688037,8394336805498,8394340508498,8394349779729,8394353180729,
0,8394348171269,8394348171269,8394339000000,8394343171269,8394349065267,8394350108498,8394350134652,8394352278498,8394353887806,8394354047575,8394363861960,8394368592037,8394370753421,
0,8394364637929,8394364637929,9223372036854775807,0,8394366463190,8394366496344,8394367115575,8394369001652,8394370209883,8394370921037,8394372864344,8394376464421,8394377781267,
0,8394381100785,8394381100785,9223372036854775807,0,8394381600729,8394381605421,8394382990190,8394383124498,8394383295652,8394383407421,8394384252498,8394386951267,8394388857960,
0,8394397568131,8394397568131,9223372036854775807,0,8394397912575,8394397949806,8394398425037,8394398529037,8394398697113,8394398791729,8394399406498,8394404130883,8394405999883,
0,8394414032440,8394414032440,9223372036854775807,0,8394414420037,8394414450806,8394416451267,8394416555652,8394417551267,8394417675267,8394418663883,8394423734960,8394426640729,
0,8394430496156,8394430496156,9223372036854775807,0,8394431236960,8394431289037,8394435075498,8394435184960,8394435352498,8394435489344,8394436435190,8394440233806,8394444505190,
0,8394446958360,8394446958360,9223372036854775807,0,8394448003113,8394448067190,8394448743344,8394448871575,8394449307806,8394449517498,8394451988498,8394454758806,8394457755729,
0,8394463420916,8394496294024,9223372036854775807,0,8394504782344,8394504785652,8394505129421,8394505233267,8394505615652,8394505718421,8394508552729,8394509939267,8394514892498,
0,8394512793597,8394512793597,8394505000000,8394507793597,8394514270729,8394537149575,8394537266575,8394538724960,8394540942575,8394541117344,8394543910113,8394552657729,8394555647729,
0,8394545724067,8394545724067,9223372036854775807,0,8394553988652,8394554213883,8394554465729,8394556473575,8394558000883,8394558282344,8394564325806,8394569860113,8394573240421,
0,8394562189776,8394562189776,8394543000000,8394543000000,8394565088037,8394565759883,8394565778113,8394567154267,8394567902960,8394573480498,8394575991575,8394582006421,8394584819267,
0,8394578654106,8394578654106,8394571000000,8394571000000,8394579440344,8394596317652,8394596428267,8394596533190,8394598793113,8394598922190,8394602475652,8394605812421,8394608022190,
0,8394595118103,8394595118103,9223372036854775807,0,8394604257729,8394604400575,8394604419652,8394605760113,8394606620806,8394608219729,8394612840421,8394616763037,8394618517575,
0,8394611581457,8394611581457,8394601000000,8394601000000,8394613286806,8394614148960,8394614173344,8394614299575,8394614503190,8394618683267,8394619333344,8394622750806,8394626683729,
0,8394628045737,8394628045737,8394619000000,8394623045737,8394628723190,8394630896037,8394631148498,8394631319421,8394631868344,8394632013729,8394638586575,8394641506652,8394643878267,
0,8394644552302,8394644552302,8394636000000,8394639552302,8394645690037,8394647816883,8394647873960,8394648088421,8394648347267,8394648592729,8394649611190,8394653741267,8394659257190,
0,8394661020390,8394661020390,8394653000000,8394656020390,8394661797806,8394662926037,8394663076883,8394663199575,8394663687806,8394663793113,8394669325883,8394673280652,8394675698575,
0,8394677463009,8394677463009,8394669000000,8394672463009,8394678248037,8394695829267,8394695985575,8394696135344,8394697270267,8394697444883,8394704761421,8394708637344,8394711585190,
0,8394710386934,8394710386934,8394701000000,8394701000000,8394710951960,8394712452729,8394712530190,8394712746883,8394713115421,8394713348960,8394714994806,8394719264113,8394722311498,
0,8394726849999,8394726849999,8394718000000,8394721849999,8394727794421,8394728651037,8394728833037,8394732182113,8394733548190,8394733673729,8394741217037,8394745890575,8394751546575,
0,8394743306180,8394743306180,9223372036854775807,0,8394744544267,8394744588883,8394745724652,8394745863190,8394746067883,8394751804729,8394752932883,8394756901190,8394762995883,
0,8394759769358,8394759769358,9223372036854775807,0,8394760560652,8394760603267,8394761332344,8394761472806,8394761944037,8394763296267,8394766314729,8394769270190,8394772365190,
0,8394776238973,8394776238973,9223372036854775807,0,8394776839113,8394776887344,8394777392421,8394779866498,8394781165498,8394781288729,8394782160344,8394786767344,8394788736806,
0,8394792700825,8394792700825,9223372036854775807,0,8394793456498,8394793513575,8394818394267,8394821165575,8394822979498,8394823128037,8394828204729,8394831548267,8394835904421,
0,8394825625785,8394825625785,9223372036854775807,0,8394832465344,8394832500113,8394832712421,8394832812652,8394833328421,8394836245344,8394840351883,8394842979190,8394848539267,
0,8394842090094,8394842090094,9223372036854775807,0,8394843210190,8394843241037,8394843329113,8394843446421,8394843783498,8394848809960,8394849885421,8394851083267,8394855147729,
0,8394858552231,8394858552231,9223372036854775807,0,8394859114421,8394859152498,8394859305113,8394859453729,8394859801498,8394859932037,8394860646344,8394861372113,8394869775113,
0,8394875013339,8394875013339,9223372036854775807,0,8394875692806,8394875734190,8394875893267,8394879472344,8394882393267,8394884290267,8394888329575,8394892750344,8394897122037,
0,8394891481625,8394891481625,9223372036854775807,0,8394892065037,8394892114267,8394892249113,8394894431113,8394896034883,8394897339652,8394904648190,8394908569037,8394913460421,
0,8394907945113,8394907945113,9223372036854775807,0,8394908368575,8394908399421,8394909605421,8394909743421,8394910085421,8394913660729,8394914381883,8394915317729,8394924198267,
0,8394924426537,8394924426537,9223372036854775807,0,8394925247960,8394925287498,8394925424575,8394927516806,8394929406960,8394929510652,8394937095190,8394941812729,8394948160575,
0,8394940889780,8394940889780,9223372036854775807,0,8394941390421,8394941429113,8394941561421,8394944511575,8394948119575,8394948559652,8394957915652,8394962526806,8394965938729,
0,8394957359463,8394957359463,9223372036854775807,0,8394958554267,8394958593960,8394958807960,8394958977267,8394959307498,8394966151113,8394966995344,8394968009113,8394972520883,
0,8394973823093,8394973823093,9223372036854775807,0,8394974373267,8394974431344,8394974541960,8394974739806,8394975144344,8394975351652,8394976041806,8394976930883,8394979044883,
0,8394990289716,8394990289716,9223372036854775807,0,8394990675113,8394990713498,8394990832806,8394994033037,8394995838113,8394995927421,8395006771498,8395010873575,8395013022729,
0,8395006754418,8395006754418,9223372036854775807,0,8395007146421,8395007181037,8395007314652,8395007462344,8395007743421,8395013214883,8395013900421,8395014723883,8395021052421,
0,8395023220804,8395023220804,9223372036854775807,0,8395023691190,8395023752729,8395023900729,8395024057113,8395024342190,8395024423960,8395025056344,8395025789729,8395027681960,
0,8395039688581,8395039688581,9223372036854775807,0,8395040075421,8395040110960,8395040413575,8395040514652,8395041259037,8395041396575,8395045740344,8395047510344,8395049796960,
0,8395056151002,8395056151002,9223372036854775807,0,8395056702190,8395056736344,8395056854729,8395057001037,8395057274652,8395057348883,8395058089575,8395058968883,8395061024498,
0,8395072616696,8395072616696,9223372036854775807,0,8395073071575,8395073106190,8395073420113,8395073526806,8395074258037,8395074519883,8395078200498,8395080414037,8395082531883,
0,8395089083242,8395089083242,9223372036854775807,0,8395089631498,8395089663113,8395089751421,8395089885729,8395090379037,8395090449806,8395091084652,8395091803421,8395093741267,
0,8395105548774,8395105548774,9223372036854775807,0,8395106005113,8395106038498,8395106379113,8395106490883,8395107365344,8395107517883,8395111599498,8395113271960,8395115821344,
0,8395122013473,8395122013473,9223372036854775807,0,8395122427498,8395122459729,8395122564344,8395122697113,8395122961190,8395123023806,8395123707652,8395124450729,8395126809806,
0,8395138468553,8395138468553,9223372036854775807,0,8395138901652,8395138939575,8395139270344,8395139390267,8395139915806,8395140215267,8395143554960,8395145965498,8395148304498,
0,8395171388689,8395171388689,9223372036854775807,0,8395171840575,8395171844421,8395172279267,8395172390883,8395172752344,8395172852498,8395176680960,8395177512037,8395180814421,
0,8395204321081,8395204321081,9223372036854775807,0,8395204678498,8395204682806,8395205021729,8395205144190,8395205551575,8395205634498,8395212758421,8395213600498,8395215750498,
0,8395237259463,8395237259463,9223372036854775807,0,8395237552421,8395237556190,8395237871729,8395237983652,8395238362037,8395238456267,8395242323575,8395243096037,8395245410729,
0,8395286652727,8395286652727,9223372036854775807,0,8395286972113,8395287004806,8395287007575,8395287119113,8395287704113,8395287812421,8395288509190,8395290481575,8395292845652,
0,8395451310441,8395451310441,9223372036854775807,0,8395451692960,8395451697267,8395452454652,8395452590037,8395453034037,8395454541806,8395464308960,8395465304729,8395471245960,
0,8395484238617,8395484238617,9223372036854775807,0,8395484875806,8395484879498,8395485187498,8395485284806,8395485622575,8395485840037,8395491860344,8395492528575,8395504123883,
0,8395517167664,8395517167664,9223372036854775807,0,8395517698190,8395517701652,8395518005960,8395518108037,8395518453652,8395518534190,8395521769883,8395522473267,8395525150114,
0,8395550098594,8395550098594,9223372036854775807,0,8395550602421,8395550605960,8395550902883,8395551043729,8395551405960,8395551486575,8395554646729,8395555402498,8395557728498,
0,8395583028138,8395583028138,9223372036854775807,0,8395583522421,8395583525498,8395583824421,8395583923883,8395584267960,8395584352960,8395587420344,8395588153344,8395590743114,
0,8395615958179,8395615958179,9223372036854775807,0,8395616478575,8395616482037,8395616780575,8395616918190,8395617297344,8395617379729,8395620664037,8395621391498,8395624003652,
0,8395648890019,8395648890019,9223372036854775807,0,8395649197575,8395649200883,8395649491652,8395649635575,8395649988498,8395650122037,8395653209421,8395653858421,8395656213037,
