0,68681408511495,68681408511495,9223372036854775807,0,68681409586322,68681409616707,68681410022553,68681410123476,68681410955399,68681410998322,68681411220245,68681413150784,68681415927476,
0,68681425262493,68681425262493,9223372036854775807,0,68681425835322,68681425866322,68681426313553,68681426364399,68681427029784,68681427138553,68681427706630,68681429753784,68681432595707,
0,68681442013364,68681442013364,9223372036854775807,0,68681442644861,68681442677938,68681443010476,68681443059553,68681443607707,68681443696168,68681444267476,68681448547476,68681452213091,
0,68681458763974,68681458763974,9223372036854775807,0,68681459350861,68681459391553,68681460175322,68681460304630,68681462090861,68681462252399,68681463014399,68681469292784,68681473813553,
0,68681475514275,68681475514275,9223372036854775807,0,68681483572938,68681483586630,68681483640091,68681483686168,68681484308476,68681485116399,68681485618707,68681488841399,68681495989707,
0,68681492265355,68681492265355,68681484000000,68681487265355,68681492716399,68681518942168,68681518957168,68681519608938,68681521300015,68681521357553,68681521826630,68681525108553,68681529115861,
0,68681525767601,68681525767601,9223372036854775807,0,68681530788476,68681530892399,68681530894015,68681535211938,68681537118168,68681537211091,68681537841553,68681540529707,68681543305245,
0,68681542518943,68681542518943,68681524000000,68681524000000,68681542996399,68681545136015,68681545159091,68681545523630,68681546987630,68681547041168,68681547990015,68681554402784,68681555059399,
0,68681559269699,68681559269699,68681550000000,68681550000000,68681559854168,68681560829168,68681560933476,68681561009861,68681562385861,68681562438322,68681562683322,68681564612245,68681565920015,
0,68681576020199,68681576020199,68681566000000,68681571020199,68681576686322,68681577346553,68681577429476,68681577478476,68681578339322,68681578451476,68681578969015,68681581185245,68681584360784,
0,68681592770531,68681592770531,68681582000000,68681587770531,68681593469476,68681594419861,68681594471168,68681594525245,68681595439707,68681595551784,68681595972399,68681601333707,68681605518245,
0,68681609519369,68681609519369,68681599000000,68681604519369,68681610303476,68681652745707,68681652766630,68681653304630,68681657193476,68681657319630,68681657968630,68681661367861,68681665515784,
0,68681659769919,68681659769919,9223372036854775807,0,68681665375553,68681665501707,68681665586938,68681668105091,68681669524399,68681669585168,68681669876630,68681672704938,68681675753938,
0,68681676521184,68681676521184,68681658000000,68681658000000,68681676961091,68681678341707,68681678425399,68681678494861,68681681355630,68681681456245,68681686274707,68681690188245,68681690790015,
0,68681693272098,68681693272098,68681684000000,68681684000000,68681693819015,68681695512245,68681695522861,68681695675168,68681696233322,68681696313553,68681696875015,68681699175476,68681702179091,
0,68681710022764,68681710022764,68681700000000,68681705022764,68681710649630,68681711497938,68681711575476,68681711643553,68681712540245,68681712580784,68681712824861,68681714813707,68681718293707,
0,68681726772206,68681726772206,68681717000000,68681721772206,68681727593707,68681728365938,68681728452322,68681728503091,68681729141399,68681729180399,68681729424630,68681731805399,68681734973476,
0,68681743520788,68681743520788,9223372036854775807,0,68681744149861,68681744178322,68681746873322,68681746926784,68681748320630,68681748434784,68681748940630,68681753036322,68681756227553,
0,68681760272196,68681760272196,9223372036854775807,0,68681760613399,68681760639707,68681776193399,68681776642476,68681778996245,68681779050322,68681779327784,68681782544015,68681785695399,
0,68681777023695,68681777023695,9223372036854775807,0,68681786421168,68681786460091,68681787698322,68681787851168,68681788261091,68681788346476,68681788920168,68681793255091,68681794703476,
0,68681793775080,68681793775080,9223372036854775807,0,68681794145168,68681794167784,68681794425861,68681794471168,68681794776091,68681795001861,68681795494091,68681797569245,68681798163553,
0,68681810525309,68681810525309,9223372036854775807,0,68681811004476,68681811007861,68681813251322,68681813419245,68681813734015,68681813845015,68681814369630,68681818454707,68681822160938,
0,68681827275850,68681827275850,9223372036854775807,0,68681830370553,68681830401322,68681830742938,68681830801630,68681831109784,68681831216476,68681831751322,68681836629322,68681841131168,
0,68681844026478,68681844026478,9223372036854775807,0,68681844745553,68681844749784,68681845265707,68681845334630,68681845600092,68681845740784,68681846410399,68681852115938,68681856348938,
0,68681860776771,68681860776771,9223372036854775807,0,68681864582399,68681864596707,68681864654476,68681864700476,68681864949630,68681865011707,68681865345168,68681868179630,68681871735938,
0,68681877514820,68681877514820,68681864000000,68681868500000,68681878865784,68681879534092,68681879608168,68681879744861,68681880057092,68681880126015,68681880346938,68681884269399,68681887636707,
0,68681894266025,68681894266025,68681885000000,68681885000000,68681894706015,68681895227245,68681895273015,68681895322092,68681895529861,68681895592168,68681895844630,68681899316168,68681903206630,
0,68681911016439,68681911016439,68681900000000,68681906016439,68681911518784,68681912155784,68681912212399,68681912282092,68681912515707,68681912576476,68681912828092,68681915266553,68681918485322,
0,68681927765938,68681927765938,68681917000000,68681922765938,68681928488322,68681929118707,68681929171630,68681929226630,68681929450476,68681929585015,68681930182553,68681935203092,68681939287630,
0,68681944516663,68681944516663,68681934000000,68681939516663,68681944990553,68681945541630,68681945596245,68681945647630,68681945895015,68681946024399,68681946634784,68681949573553,68681953466168,
0,68681961267212,68681961267212,68681952000000,68681956267212,68681961967245,68681963140399,68681963297168,68681963370630,68681963843784,68681963913553,68681964200322,68681969107168,68681972768476,
0,68681978016987,68681978016987,68681968000000,68681973016987,68681978645784,68681979243630,68681979294476,68681979348015,68681979575476,68681979681938,68681980236476,68681982827092,68681985981938,
0,68681994768233,68681994768233,68681984000000,68681989768233,68681995370707,68681996062476,68681996119476,68681996174399,68681996426861,68681996578707,68681997563092,68682001760861,68682005561476,
0,68682011517165,68682011517165,68682001000000,68682006517165,68682012598630,68682013500015,68682013562399,68682013619399,68682013869092,68682013933553,68682014235168,68682017633015,68682021522476,
0,68682028257360,68682028257360,68682018000000,68682023257360,68682029699707,68682030598015,68682030786015,68682030864399,68682031360476,68682031494015,68682032259476,68682035382553,68682039773861,
0,68682045006988,68682045006988,9223372036854775807,0,68682046302245,68682046328938,68682056321399,68682056390399,68682056624784,68682056744938,68682057290707,68682063956245,68682067487322,
0,68682061757594,68682061757594,9223372036854775807,0,68682062287553,68682062313861,68682062378168,68682062425784,68682062764015,68682067687861,68682067932553,68682071074938,68682072060322,
0,68682078507805,68682078507805,9223372036854775807,0,68682079114245,68682079154476,68682079259784,68682079345015,68682079834092,68682079902015,68682080157784,68682084653630,68682087670322,
0,68682095258588,68682095258588,9223372036854775807,0,68682095710861,68682095738476,68682095804630,68682098397553,68682099428707,68682099525707,68682100129553,68682102299630,68682105804784,
0,68682112009193,68682112009193,9223372036854775807,0,68682112499245,68682112527938,68682112639784,68682112691938,68682113629938,68682113718015,68682117659168,68682122074168,68682123549861,
0,68682128759829,68682128759829,9223372036854775807,0,68682129401861,68682129429938,68682129497553,68682129549707,68682130593553,68682130707630,68682131327707,68682134236015,68682137442168,
0,68682145510358,68682145510358,9223372036854775807,0,68682146151092,68682146203168,68682146355938,68682146457784,68682148376938,68682148516476,68682149253707,68682154909630,68682159576245,
0,68682162260128,68682162260128,9223372036854775807,0,68682163009784,68682163033399,68682163097861,68682163155399,68682163953784,68682164029476,68682164243630,68682169490092,68682173104399,
0,68682179011446,68682179011446,68682162000000,68682164000000,68682179572322,68682181690476,68682181855784,68682181929784,68682183133938,68682183242322,68682183773245,68682188081553,68682191469630,
0,68682195762193,68682195762193,68682186000000,68682186000000,68682196353707,68682197051553,68682197103476,68682199437861,68682200668784,68682200776015,68682201390322,68682206779707,68682210287938,
0,68682212513077,68682212513077,68682202000000,68682207513077,68682213016553,68682214127476,68682214236015,68682214323938,68682216528092,68682216712399,68682223211553,68682226048938,68682226686784,
0,68682229263534,68682229263534,68682219000000,68682224263534,68682229790784,68682230940630,68682231041168,68682231116553,68682232868553,68682232963476,68682233494245,68682235851630,68682239528015,
0,68682246013323,68682246013323,68682237000000,68682241013323,68682246703476,68682247434861,68682247483784,68682247533092,68682248298168,68682248403168,68682248917707,68682251164630,68682254810938,
0,68682262764239,68682262764239,68682252000000,68682257764239,68682263353476,68682264192322,68682264276861,68682264341784,68682265182938,68682265276784,68682265798476,68682269227015,68682272391553,
0,68682279514223,68682279514223,68682269000000,68682274514223,68682280232553,68682280972245,68682281024938,68682281077476,68682281902322,68682281997245,68682282558707,68682285704399,68682289281707,
0,68682296264909,68682296264909,68682286000000,68682291264909,68682296818707,68682297892015,68682297977938,68682298046707,68682299395092,68682299436245,68682299670630,68682303172861,68682306597476,
0,68682313015794,68682313015794,68682303000000,68682308015794,68682313566322,68682314302245,68682314354938,68682314408784,68682315315707,68682315410399,68682315948553,68682320368399,68682324462476,
0,68682329766887,68682329766887,68682319000000,68682324766887,68682330259322,68682330955707,68682331045861,68682331091630,68682331957784,68682332066630,68682332409168,68682335869476,68682339109476,
0,68682346503659,68682346503659,9223372036854775807,0,68682347935630,68682347967861,68682371108630,68682371195092,68682372757168,68682372859245,68682373114861,68682375588245,68682380974168,
0,68682363254372,68682363254372,9223372036854775807,0,68682374287784,68682374324476,68682374408476,68682374497784,68682376212553,68682381174707,68682381438168,68682387987707,68682392630784,
0,68682380005185,68682380005185,9223372036854775807,0,68682382099707,68682382122245,68682382271092,68682382319553,68682383148938,68682392813707,68682393046476,68682396225399,68682396923399,
0,68682396755692,68682396755692,9223372036854775807,0,68682397288707,68682397319476,68682397438245,68682397511938,68682398899707,68682398957861,68682399336168,68682401244938,68682401810938,
0,68682413506424,68682413506424,9223372036854775807,0,68682414106553,68682414142707,68682414307630,68682414375168,68682415771784,68682415865553,68682416349322,68682418759938,68682422545784,
0,68682430256352,68682430256352,9223372036854775807,0,68682430948861,68682430979245,68682431044245,68682431102476,68682431893707,68682431991553,68682432539322,68682437570476,68682441273322,
0,68682447007341,68682447007341,9223372036854775807,0,68682447712322,68682447767015,68682447920092,68682448066784,68682449391092,68682449502707,68682450039553,68682455080938,68682459202784,
0,68682463757847,68682463757847,9223372036854775807,0,68682464559245,68682464610861,68682464751245,68682464849015,68682466812476,68682466886245,68682467222168,68682473094630,68682476824553,
0,68682480507537,68682480507537,9223372036854775807,0,68682483145092,68682483189476,68682483322015,68682483394322,68682484646322,68682484768630,68682485491861,68682490383322,68682494521553,
0,68682497257964,68682497257964,9223372036854775807,0,68682498054245,68682498106476,68682498247707,68682498380322,68682499244553,68682499393399,68682500132322,68682503000476,68682506635015,
0,68682514008509,68682514008509,9223372036854775807,0,68682514696245,68682514737553,68682514868092,68682603719092,68682609205015,68682609368092,68682610486015,68682618335245,68682619509476,
0,68682614512492,68682614512492,9223372036854775807,0,68682615084245,68682615123245,68682615264092,68682618690938,68682620632168,68682620681015,68682621024707,68682626253015,68682629602707,
0,68682631263463,68682631263463,9223372036854775807,0,68682631687476,68682631715707,68682631846245,68682631912476,68682633228630,68682633284476,68682634156092,68682640862399,68682641895630,
0,68682648014461,68682648014461,9223372036854775807,0,68682648751399,68682648795245,68682648891015,68682656821245,68682658810322,68682658891399,68682659334938,68682662895707,68682666030015,
0,68682664764787,68682664764787,9223372036854775807,0,68682665477630,68682665528938,68682665673938,68682665767630,68682667543784,68682667593399,68682668383015,68682676084399,68682676914630,
0,68682681514750,68682681514750,9223372036854775807,0,68682682074015,68682682112015,68682682224245,68682682298707,68682683651476,68682683707399,68682684087630,68682686850630,68682690470168,
0,68682698265066,68682698265066,9223372036854775807,0,68682698890707,68682698932245,68682699031015,68682699108322,68682700510168,68682700578168,68682700920245,68682704560015,68682708435553,
0,68682715015217,68682715015217,9223372036854775807,0,68682715564245,68682715602861,68682715702938,68682715828092,68682717237938,68682717285784,68682717627015,68682721935553,68682725354476,
0,68682731756125,68682731756125,9223372036854775807,0,68682733009861,68682733055784,68682733153245,68682733243707,68682734582245,68682734660015,68682734961784,68682738417553,68682741535322,
0,68682748506946,68682748506946,9223372036854775807,0,68682749264015,68682749310322,68682749406399,68682749495553,68682750884399,68682750938553,68682751246168,68682756807399,68682760126322,
0,68682765258088,68682765258088,9223372036854775807,0,68682765951938,68682765994476,68682766090553,68682769588015,68682771862861,68682772070630,68682772581399,68682775430092,68682778559245,
0,68682782009059,68682782009059,9223372036854775807,0,68682782526938,68682782565092,68682782666630,68682785781092,68682790592784,68682790669399,68682791620476,68682798230476,68682799012168,
0,68682798760098,68682798760098,9223372036854775807,0,68682799184938,68682799222399,68682799319938,68682799397630,68682801353245,68682801397168,68682802298245,68682809395476,68682810271553,
0,68682815511468,68682815511468,9223372036854775807,0,68682816218322,68682816261784,68682816363015,68682816447168,68682818223707,68682818358245,68682819146476,68682822250861,68682825322399,
0,68682832261726,68682832261726,9223372036854775807,0,68682833082707,68682833129553,68682833232476,68682833374092,68682837146861,68682837235322,68682837590784,68682841475553,68682845572553,
0,68682849012782,68682849012782,9223372036854775807,0,68682849678092,68682849722553,68682849810707,68682849898322,68682851696861,68682851751707,68682852166476,68682855474092,68682858972630,
0,68682865763212,68682865763212,9223372036854775807,0,68682866578938,68682866623399,68682866721938,68682866809476,68682868541476,68682868682707,68682869667015,68682873308245,68682876361707,
0,68682882513261,68682882513261,9223372036854775807,0,68682883246861,68682883285015,68682883380092,68682883452092,68682885162476,68682885309938,68682886030784,68682891387630,68682895303245,
0,68682899263612,68682899263612,9223372036854775807,0,68682899974630,68682900054322,68682900197245,68682900301245,68682903681168,68682903827322,68682904662707,68682909935399,68682914040938,
0,68682916005505,68682916005505,9223372036854775807,0,68682917321938,68682917384399,68682917541092,68682917654399,68682920110784,68682920189322,68682920520630,68682924240399,68682927435245,
0,68682932755860,68682932755860,9223372036854775807,0,68682933311399,68682933349784,68682933497630,68682933564322,68682935072168,68682935152322,68682935461476,68682942145245,68682946171553,
0,68682949506023,68682949506023,9223372036854775807,0,68682950296245,68682950354784,68682950501322,68682950615245,68682953790630,68682953943553,68682954737015,68682962117245,68682965572938,
0,68682966256076,68682966256076,9223372036854775807,0,68682966901784,68682966934553,68682966936476,68682967009707,68682968247092,68682968389861,68682969100322,68682974182322,68682977783630,
0,68682983006790,68682983006790,9223372036854775807,0,68682983558245,68682983597092,68682983599322,68682983684092,68682985446476,68682985528938,68682985852784,68682988549322,68682992173861,
0,68682999757459,68682999757459,9223372036854775807,0,68683000623476,68683000669168,68683000671245,68683000768168,68683002127630,68683002257322,68683002930322,68683007168553,68683010618476,
0,68683016494367,68683016494367,9223372036854775807,0,68683018116630,68683018158245,68683018160399,68683018253245,68683020457861,68683020629476,68683021318553,68683024073245,68683027814938,
0,68683033245474,68683033245474,9223372036854775807,0,68683033999092,68683034059938,68683034064092,68683034197630,68683037422938,68683037484092,68683037820476,68683046927707,68683052360938,
0,68683049996865,68683049996865,9223372036854775807,0,68683050591707,68683050630861,68683050633168,68683050713476,68683052088553,68683052523322,68683052742015,68683055229245,68683055797322,
0,68683066746810,68683066746810,9223372036854775807,0,68683067407784,68683067446399,68683067448553,68683067537245,68683068583476,68683068713399,68683069462630,68683072532553,68683076296015,
0,68683083497527,68683083497527,9223372036854775807,0,68683084281476,68683084324322,68683084445476,68683084520784,68683085311476,68683085394938,68683085701092,68683092748630,68683097004630,
0,68683100248061,68683100248061,9223372036854775807,0,68683100973015,68683101053553,68683101057938,68683101173092,68683101828938,68683101972092,68683102659630,68683105502938,68683109829707,
0,68683318009188,68683318009188,9223372036854775807,0,68683318824399,68683318893092,68683318900015,68683328626630,68683331883399,68683332097553,68683333179399,68683346145630,68683350128169,
0,68683334759646,68683334759646,9223372036854775807,0,68683335469707,68683335507169,68683335509784,68683339135630,68683340964553,68683351266707,68683353099399,68683361911169,68683363522553,
0,68683351511353,68683351511353,9223372036854775807,0,68683354823015,68683354910707,68683354915169,68683355025245,68683357991015,68683364178861,68683365396784,68683374706861,68683376985630,
0,68683368261647,68683368261647,9223372036854775807,0,68683369083015,68683369132245,68683369135553,68683369244476,68683372449015,68683377462322,68683378084399,68683387061861,68683391618784,
0,68683384972497,68683418478947,9223372036854775807,0,68683421185938,68683421241861,68683421415322,68683421518861,68683424768938,68683425791092,68683426667553,68683435711476,68683440611322,
0,68683435221199,68683435221199,9223372036854775807,0,68683436534322,68683436593092,68683436596476,68683445894169,68683451005861,68683451302630,68683453024630,68683457322399,68683460718630,
0,68683451971207,68683468724432,9223372036854775807,0,68683471318553,68683471374784,68683471377784,68683478213630,68683481360322,68683481525861,68683483698861,68683492883861,68683494240861,
0,68683485473281,68683485473281,9223372036854775807,0,68683494456630,68683494501092,68683494502784,68683494580861,68683497418553,68683497529476,68683498461092,68683506999707,68683508196169,
0,68683502223957,68683502223957,9223372036854775807,0,68683502871169,68683502909322,68683502911245,68683502991476,68683504778553,68683508652322,68683509341707,68683513379245,68683515104169,
0,68683518972975,68683518972975,9223372036854775807,0,68683519823015,68683519857938,68683519859784,68683519934630,68683523910245,68683523974476,68683524351553,68683527098399,68683530303861,
0,68683535719164,68683535719164,9223372036854775807,0,68683536817476,68683536859707,68683536862553,68683536945553,68683538916322,68683538977015,68683539306553,68683542032169,68683545924245,
0,68683552469723,68683552469723,9223372036854775807,0,68683553021861,68683553054630,68683553056938,68683553120861,68683554874476,68683554925553,68683555267707,68683558062553,68683561272476,
0,68683569220510,68683569220510,9223372036854775807,0,68683569916245,68683569960399,68683570081322,68683570162707,68683572379245,68683572543553,68683573350784,68683580455553,68683584957938,
0,68683585971913,68683585971913,9223372036854775807,0,68683586429322,68683586458707,68683586460707,68683586524630,68683588533245,68683588587784,68683588934476,68683591880015,68683595543476,
0,68683602723548,68683602723548,9223372036854775807,0,68683603250015,68683603294245,68683603297707,68683603398707,68683605485784,68683605551322,68683605886245,68683608633169,68683611743322,
0,68683619474616,68683619474616,9223372036854775807,0,68683620241169,68683620288322,68683620291784,68683620393399,68683622319015,68683622380784,68683622726399,68683625665245,68683628750476,
0,68683636225735,68683636225735,9223372036854775807,0,68683636959245,68683637004245,68683637007169,68683637104784,68683638893399,68683638976399,68683639310784,68683642358476,68683645712938,
0,68683652977118,68683652977118,9223372036854775807,0,68683653570861,68683653612476,68683653614630,68683653701707,68683655488476,68683655566322,68683655932092,68683659694015,68683663042861,
0,68683669727493,68683669727493,9223372036854775807,0,68683670829015,68683670873861,68683670875938,68683670966015,68683672637630,68683672691322,68683673036169,68683676489938,68683680145092,
0,68683686476287,68683686476287,9223372036854775807,0,68683687785553,68683687860015,68683687867553,68683687975399,68683689897476,68683689991322,68683690402015,68683694419630,68683698430169,
0,68683703225643,68683703225643,9223372036854775807,0,68683707034476,68683707112784,68683707120938,68683707261707,68683709480476,68683709753861,68683710534861,68683717812015,68683723472784,
0,68683719975155,68683719975155,9223372036854775807,0,68683720819015,68683720870553,68683721059630,68683721156169,68683723159322,68683723773322,68683724062861,68683726703322,68683727788553,
0,68683736724835,68683736724835,9223372036854775807,0,68683737485169,68683737524399,68683737526399,68683737599861,68683738816015,68683739021630,68683740230476,68683749036092,68683755275245,
0,68683753473686,68683753473686,9223372036854775807,0,68683754307784,68683754352476,68683754354630,68683754455322,68683755471784,68683755614399,68683756248322,68683758952245,68683759706245,
0,68683770222712,68683770222712,9223372036854775807,0,68683771474938,68683771518245,68683771520399,68683771617322,68683772659861,68683772961092,68683774051169,68683782233399,68683786261092,
0,68683786972609,68683786972609,9223372036854775807,0,68683787819015,68683787852399,68683787854015,68683788082630,68683788613476,68683788695707,68683788933476,68683792479169,68683798235322,
