0,309800533351566,309800533351566,9223372036854775807,0,309800533741465,309800533776234,309800533779080,309800534098080,309800537707695,309800537822388,309800538663618,309800540638234,309800542418003,
0,309800550057416,309800550057416,9223372036854775807,0,309800550502157,309800550540926,309800550543772,309800550883388,309800554374157,309800554486465,309800555284541,309800557303465,309800558871234,
0,309800566763067,309800566763067,9223372036854775807,0,309800567263080,309800567300695,309800567304003,309800567646311,309800571910003,309800572106311,309800572858849,309800574929849,309800576836234,
0,309800583468462,309800583468462,309800574000000,309800578468462,309800583928849,309800584711849,309800584717080,309800584959772,309800587142003,309800587276003,309800588210234,309800590425772,309800592142080,
0,309800600174145,309800600174145,309800590000000,309800595174145,309800603210695,309800604761618,309800604951926,309800605302849,309800608728849,309800608868926,309800609749003,309800612754311,309800614778003,
0,309800616879645,309800616879645,309800610000000,309800611879645,309800617323618,309800618285618,309800618294234,309800618681695,309800621123926,309800621249849,309800622023003,309800624315772,309800626143080,
0,309800633585410,309800633585410,309800624000000,309800628585410,309800633995618,309800634909311,309800634917311,309800635315388,309800636875849,309800636996311,309800637753926,309800640218849,309800641767465,
0,309800650291241,309800650291241,309800640000000,309800645291241,309800650713926,309800651584541,309800651592234,309800651947772,309800654112157,309800654218157,309800654931311,309800657097541,309800659662465,
0,309800666996867,309800666996867,309800657000000,309800661996867,309800676464618,309800677093618,309800677097926,309800758025849,309800768701234,309800768819772,309800770292388,309800779609926,309800782293542,
0,309800683701889,309800767397899,309800682000000,309800682000000,309800772706618,309800773372849,309800773627772,309800773877157,309800774761234,309800783087772,309800783911311,309800787683926,309800790156157,
0,309800783935016,309800783935016,9223372036854775807,0,309800790365234,309800790501388,309800790505080,309800797092234,309800800293772,309800800385234,309800801157157,309800804573157,309800806194542,
0,309800800640566,309800800640566,309800779000000,309800779000000,309800803152695,309800803770772,309800803775465,309800804410465,309800811494388,309800811601618,309800821148388,309800824594234,309800825921772,
0,309800817346303,309800817346303,309800809000000,309800809000000,309800822368234,309800822954388,309800822957618,309800827948542,309800831749695,309800831853618,309800832585772,309800835808465,309800838038465,
0,309800834051948,309800834051948,309800828000000,309800829051948,309800834553311,309800835448157,309800835455234,309800835729849,309800840508542,309800840605926,309800842296388,309800844280080,309800845749157,
0,309800850757897,309800850757897,9223372036854775807,0,309800851250311,309800851311080,309800851313618,309800851706311,309800856859080,309800856986772,309800857649926,309800859820234,309800861825388,
0,309800867463481,309800867463481,9223372036854775807,0,309800868248618,309800868283618,309800868285926,309800868594003,309800871782157,309800871895003,309800872539311,309800874660695,309800876729772,
0,309800884169085,309800884169085,9223372036854775807,0,309800884604849,309800884638388,309800884641080,309800884987311,309800888414234,309800888534618,309800889183465,309800891680311,309800893640003,
0,309800900875010,309800900875010,9223372036854775807,0,309800901279926,309800901314234,309800901317003,309800901670926,309800905283618,309800905397542,309800906071695,309800908548926,309800910555542,
0,309800917580997,309800917580997,9223372036854775807,0,309800917972772,309800918007157,309800918135465,309800918502695,309800925348849,309800925464849,309800926116003,309800928597772,309800930767234,
0,309800934286580,309800934286580,9223372036854775807,0,309800934770311,309800934814465,309800934817465,309800935423311,309800938516926,309800938616849,309800939218772,309800941227157,309800943155388,
0,309800950992262,309800950992262,9223372036854775807,0,309800951475772,309800951517926,309800951521080,309800951923080,309800956350080,309800956458003,309800957131234,309800959755618,309800962024542,
0,309800967698041,309800967698041,9223372036854775807,0,309800968078926,309800968101388,309800968104234,309800968379542,309800972128465,309800972228080,309800972818311,309800974570618,309800975728542,
0,309800984404082,309800984404082,309800969000000,309800971500000,309800984809311,309800986091080,309800986096080,309800986361772,309800989688542,309800989798926,309800990427311,309800992198618,309800993590080,
0,309801001110118,309801001110118,309800991000000,309800991000000,309801001515542,309801006374618,309801006382388,309801009048772,309801013182542,309801013297003,309801014207618,309801017141849,309801018686003,
0,309801017816402,309801017816402,309801011000000,309801012816402,309801018197388,309801024385234,309801024389465,309801026567695,309801031589465,309801031695080,309801032777311,309801035847772,309801037844080,
0,309801034522289,309801034522289,309801029000000,309801029522289,309801034876003,309801036883772,309801036889926,309801039625849,309801043808772,309801043915849,309801044829926,309801047817388,309801049173695,
0,309801051228345,309801051228345,309801041000000,309801046228345,309801051640003,309801052694926,309801052700849,309801052984618,309801056172695,309801056281003,309801056921311,309801058907157,309801060529926,
0,309801067934685,309801067934685,309801057000000,309801062934685,309801068318080,309801069203311,309801069324311,309801069575157,309801072969311,309801073073542,309801073715234,309801075593926,309801077375926,
0,309801084640660,309801084640660,309801074000000,309801079640660,309801085030388,309801085919388,309801085925157,309801086165542,309801087947080,309801088123388,309801088741080,309801090445311,309801091818003,
0,309801101346657,309801101346657,309801091000000,309801096346657,309801101736618,309801102884234,309801102891618,309801103235311,309801104897926,309801105018926,309801105699234,309801108252695,309801109906926,
0,309801118052461,309801118052461,309801108000000,309801113052461,309801118434618,309801119718080,309801119725311,309801120059772,309801121053080,309801121158772,309801121792542,309801123879388,309801125258465,
0,309801134758247,309801134758247,309801125000000,309801129758247,309801135137465,309801136443080,309801136450311,309801136747926,309801137233157,309801137349695,309801137926695,309801140162157,309801141630157,
0,309801151463942,309801151463942,9223372036854775807,0,309801151875695,309801151910311,309801151913003,309801152309618,309801152325926,309801152424849,309801153066080,309801155876618,309801157548234,
0,309801168169668,309801168169668,9223372036854775807,0,309801173101926,309801173134926,309801173137157,309801227792003,309801233228003,309801233325618,309801234247849,309801251294542,309801252868311,
0,309801251699269,309801251699269,9223372036854775807,0,309801252074618,309801252108695,309801252229849,309801252660003,309801253117311,309801253457542,309801253952388,309801255417695,309801257648311,
0,309801268406081,309801268406081,9223372036854775807,0,309801269230157,309801269250080,309801269252157,309801269625772,309801269639234,309801269777695,309801270270157,309801272900465,309801274093695,
0,309801285112292,309801285112292,309801269000000,309801270500000,309801285481772,309801286392772,309801286399618,309801287009157,309801287023695,309801287133772,309801287679695,309801290145157,309801291770849,
0,309801301818334,309801301818334,309801291000000,309801291000000,309801302194926,309801303046080,309801303054157,309801307812388,309801307833311,309801307945542,309801308496388,309801311041926,309801314289311,
0,309801318524327,309801318524327,309801308000000,309801313524327,309801318913772,309801319831926,309801319839311,309801320246542,309801320263695,309801320367849,309801320952311,309801323187695,309801324887080,
0,309801335230305,309801335230305,309801325000000,309801330230305,309801336216157,309801337177080,309801337185234,309801337541695,309801337557926,309801337675772,309801338176542,309801340977003,309801343117618,
0,309801351936729,309801351936729,309801342000000,309801346936729,309801352264465,309801353181157,309801353189695,309801353573772,309801353590388,309801353706926,309801354192388,309801356096542,309801357370234,
0,309801368642772,309801368642772,309801358000000,309801363642772,309801369012311,309801369877465,309801369884849,309801370268542,309801370285618,309801370393618,309801370949849,309801373217772,309801374412849,
0,309801385348682,309801385348682,309801375000000,309801380348682,309801385657542,309801386370234,309801386375388,309801386675311,309801386688618,309801386801080,309801387367542,309801389673849,309801391314849,
0,309801402054733,309801402054733,309801391000000,309801397054733,309801402427926,309801403243465,309801403391618,309801403683157,309801403926772,309801404085542,309801404659926,309801406979388,309801410577926,
0,309801418760443,309801418760443,309801408000000,309801413760443,309801419151311,309801420243003,309801420251926,309801420730388,309801420747849,309801420872542,309801421416465,309801423573618,309801425023003,
0,309801435466374,309801435466374,309801425000000,309801430466374,309801435840003,309801436723618,309801436729388,309801437081003,309801437098311,309801437217695,309801437761311,309801439587618,309801441100234,
0,309801452172422,309801452172422,9223372036854775807,0,309801452545618,309801452580772,309801452583311,309801452946772,309801452964080,309801453087849,309801453571772,309801455542157,309801457712311,
0,309801468878268,309801468878268,9223372036854775807,0,309801477680542,309801477716695,309801477719003,309801479916080,309801482293926,309801482399388,309801483158772,309801486292772,309801489040234,
0,309801485583887,309801485583887,9223372036854775807,0,309801485989388,309801486025695,309801486028542,309801486339618,309801488687003,309801489845311,309801490499772,309801491489772,309801493725465,
0,309801502289596,309801502289596,9223372036854775807,0,309801502675003,309801502710157,309801502713157,309801503053388,309801504941772,309801505044157,309801505680772,309801506633003,309801509050388,
0,309801518995500,309801518995500,9223372036854775807,0,309801519369926,309801519405003,309801519407772,309801519729695,309801521567003,309801521676465,309801522340157,309801523401772,309801525663234,
0,309801535701422,309801535701422,9223372036854775807,0,309801536095849,309801536130465,309801536132926,309801536419618,309801537931542,309801538037465,309801538678465,309801539642695,309801541812311,
0,309801552407340,309801552407340,9223372036854775807,0,309801552810849,309801552846157,309801552971695,309801553264542,309801554790157,309801554902080,309801555586234,309801556639003,309801559038695,
0,309801569113031,309801569113031,9223372036854775807,0,309801569498388,309801569532388,309801569535388,309801569877080,309801571860695,309801571963542,309801572724388,309801573874926,309801576456157,
0,309801585818951,309801585818951,309801578000000,309801579500000,309801586140695,309801589702849,309801589710388,309801592212926,309801593987542,309801594101080,309801594788849,309801597840311,309801599702157,
0,309801602524991,309801602524991,309801594000000,309801597524991,309801602900926,309801603990542,309801603998311,309801604402080,309801606304618,309801606433772,309801607213234,309801609630080,309801611925465,
0,309801619230989,309801619230989,309801609000000,309801614230989,309801619592311,309801620806772,309801620814311,309801621509772,309801622897311,309801623012465,309801623727157,309801626028080,309801628580234,
0,309801635937286,309801635937286,309801626000000,309801630937286,309801636296695,309801637385849,309801637393926,309801637737695,309801639571618,309801639734772,309801640540849,309801642488080,309801645465926,
0,309801652643018,309801652643018,309801642000000,309801647643018,309801653029311,309801653925465,309801653929388,309801654195465,309801655668849,309801655797465,309801656664849,309801658655465,309801660842080,
0,309801669348886,309801669348886,309801659000000,309801664348886,309801669712080,309801670805157,309801670831465,309801671235542,309801673403003,309801673510234,309801674188003,309801675876311,309801678370849,
0,309801686054711,309801686054711,309801676000000,309801681054711,309801686456388,309801687604849,309801687611926,309801687975080,309801690236157,309801690367080,309801691143465,309801693170849,309801695458695,
0,309801702760421,309801702760421,309801692000000,309801697760421,309801703155080,309801704364695,309801704657003,309801705026695,309801706924849,309801707040311,309801707898849,309801710466465,309801713014542,
0,309801719466262,309801719466262,309801709000000,309801714466262,309801719856926,309801720833234,309801720838465,309801721093772,309801722659465,309801722756234,309801723417311,309801725151542,309801726560080,
0,309801736172084,309801736172084,309801726000000,309801731172084,309801736493388,309801737416311,309801737421926,309801737701388,309801739267234,309801739374234,309801740072465,309801741936542,309801744498003,
0,309801752878066,309801752878066,9223372036854775807,0,309801753243542,309801753276157,309801753279003,309801753646772,309801755749695,309801755864157,309801756599542,309801758883388,309801760761003,
0,309801769583818,309801769583818,9223372036854775807,0,309801769983003,309801770018157,309801770021080,309801770394695,309801772597849,309801772701926,309801773341772,309801774334311,309801776875465,
0,309801786289405,309801786289405,9223372036854775807,0,309801786684542,309801786718542,309801786721542,309801787044003,309801789041465,309801789150465,309801789793849,309801791425311,309801793873157,
0,309801802995057,309801802995057,9223372036854775807,0,309801803370926,309801803406080,309801803408695,309801803730003,309801805678772,309801805785003,309801806501926,309801808517542,309801810668003,
0,309801819700607,309801819700607,9223372036854775807,0,309801820154618,309801820193695,309801820196772,309801820510695,309801822609080,309801822721157,309801823436849,309801825500003,309801827755772,
0,309801836406115,309801836406115,9223372036854775807,0,309801836787080,309801836822080,309801836824772,309801837165772,309801839043926,309801839156542,309801839849080,309801841789234,309801843937618,
0,309801853111891,309801853111891,9223372036854775807,0,309801853497388,309801853533157,309801853663311,309801854034234,309801856188849,309801856304311,309801856994772,309801858871618,309801861079926,
0,309801869817488,309801869817488,9223372036854775807,0,309801870207695,309801870242542,309801870245234,309801870553157,309801872588465,309801872702465,309801873429465,309801875278618,309801877788542,
0,309801886523009,309801886523009,9223372036854775807,0,309801893654388,309801893686465,309801893688695,309801954033388,309801960454542,309801960560388,309801961813234,309801974112695,309801977398080,
0,309801970051021,309801970051021,9223372036854775807,0,309801970453542,309801970486849,309801970661465,309801975378388,309801978531542,309801978655695,309801979213542,309801982047465,309801984521618,
0,309801986757255,309801986757255,9223372036854775807,0,309801987102157,309801987133772,309801987135926,309801991269080,309801994176849,309801994276080,309801996123311,309801999575926,309802001860234,
0,309802003462595,309802003462595,9223372036854775807,0,309802004585234,309802004618772,309802004732772,309802009787157,309802014749311,309802014887542,309802018055311,309802021599080,309802023660465,
0,309802020168120,309802020168120,9223372036854775807,0,309802020583003,309802020617388,309802020619618,309802021052465,309802025068157,309802025238311,309802026753003,309802029629542,309802032164849,
0,309802036873511,309802036873511,9223372036854775807,0,309802037290157,309802037324542,309802037326618,309802038000080,309802040970619,309802041083311,309802041650619,309802044444465,309802046598234,
0,309802053579013,309802053579013,9223372036854775807,0,309802054030849,309802054064849,309802054066849,309802061514695,309802065859926,309802065993388,309802066631234,309802072209772,309802074757080,
0,309802070284245,309802070284245,9223372036854775807,0,309802070714234,309802070748849,309802070750849,309802071034157,309802075019157,309802075584465,309802077268926,309802079295080,309802081202465,
0,309802086989915,309802086989915,9223372036854775807,0,309802087388234,309802087423080,309802087425619,309802087783157,309802090568695,309802090673311,309802091188772,309802092782465,309802094762311,
0,309802103695720,309802103695720,9223372036854775807,0,309802104152465,309802104186003,309802104188003,309802104485003,309802107082234,309802107178003,309802107689695,309802109210695,309802111192388,
0,309802120401531,309802120401531,9223372036854775807,0,309802120802926,309802120838465,309802120840849,309802121197542,309802124560003,309802124667003,309802125172926,309802126618234,309802128723311,
0,309802137107233,309802137107233,9223372036854775807,0,309802137499311,309802137532311,309802137534926,309802137839003,309802142417311,309802142545388,309802143135772,309802145357311,309802147767849,
0,309802153812898,309802153812898,9223372036854775807,0,309802154213157,309802154247080,309802154375080,309802154727003,309802161093926,309802161193619,309802161721465,309802163292619,309802165643388,
0,309802170518626,309802170518626,9223372036854775807,0,309802170905542,309802170939003,309802170941695,309802171250849,309802174383849,309802174488542,309802175001619,309802176526619,309802178371234,
0,309802187224462,309802187224462,9223372036854775807,0,309802187617619,309802187651772,309802187654311,309802188102465,309802191213388,309802191314772,309802191834157,309802193869926,309802195737695,
0,309802203930781,309802203930781,9223372036854775807,0,309802204292311,309802204326311,309802204329234,309802204713157,309802208309542,309802208410465,309802208911772,309802210354465,309802212436311,
0,309802220636708,309802220636708,9223372036854775807,0,309802221021157,309802221055849,309802221058542,309802221414003,309802224836234,309802224944234,309802225471311,309802227211926,309802229331234,
0,309802237342611,309802237342611,9223372036854775807,0,309802237719849,309802237754849,309802237757388,309802238100542,309802241493388,309802241593465,309802242103234,309802243588234,309802245570388,
0,309802254048424,309802254048424,9223372036854775807,0,309802254434465,309802254468311,309802254471465,309802254813926,309802258214619,309802258315695,309802258832080,309802260370542,309802262311926,
0,309802270754285,309802270754285,9223372036854775807,0,309802271144388,309802271177772,309802271180388,309802271537311,309802274551234,309802274663003,309802275206695,309802276891311,309802278798388,
0,309802287460206,309802287460206,9223372036854775807,0,309802287832080,309802287866772,309802287869619,309802288235003,309802290696157,309802290804542,309802291313695,309802292735772,309802294791388,
0,309802304166094,309802304166094,9223372036854775807,0,309802304512695,309802304546311,309802304654080,309802304991926,309802307033542,309802307132772,309802307625234,309802308978465,309802311030080,
0,309802320871993,309802320871993,9223372036854775807,0,309802321254619,309802321288695,309802321291388,309802321633003,309802322932234,309802323021388,309802323501926,309802324837234,309802326993157,
0,309802337577801,309802337577801,9223372036854775807,0,309802337963772,309802338000080,309802338002465,309802338369849,309802339555003,309802339651311,309802340274003,309802341484695,309802343906465,
0,309802354283576,309802354283576,9223372036854775807,0,309802354680234,309802354714926,309802354717542,309802355032542,309802355698003,309802355779772,309802356359080,309802357326465,309802359379234,
0,309802370989254,309802370989254,9223372036854775807,0,309802371388772,309802371424003,309802371426465,309802371774695,309802372391542,309802372499695,309802373042849,309802374022234,309802376227926,
0,309802437811973,309802437811973,9223372036854775807,0,309802438195619,309802438226695,309802438229234,309802500077619,309802505636157,309802505742619,309802506812311,309802512611695,309802514543157,
0,309802504634668,309802504634668,9223372036854775807,0,309802507968465,309802508037926,309802508095772,309802510733465,309802511447388,309802515084849,309802515602849,309802518208772,309802520037311,
0,309802521341271,309802521341271,9223372036854775807,0,309802521654234,309802521684695,309802521686926,309802525388542,309802527200465,309802527275311,309802527850388,309802531125619,309802533110157,
0,309802538047203,309802538047203,9223372036854775807,0,309802538427695,309802538463311,309802538466003,309802538842157,309802540538619,309802540671388,309802541810772,309802542867157,309802544976157,
0,309802554752990,309802554752990,9223372036854775807,0,309802555133849,309802555168772,309802555171772,309802555527849,309802556721926,309802556805157,309802557268695,309802558135695,309802559964542,
0,309802571458845,309802571458845,9223372036854775807,0,309802571850465,309802571884465,309802571887234,309802572292388,309802573396465,309802573475311,309802573994619,309802574983849,309802577085157,
0,309802588164565,309802588164565,9223372036854775807,0,309802588593465,309802588628080,309802588630772,309802588948388,309802590091849,309802590184619,309802590711542,309802591779695,309802593979926,
0,309802604870180,309802604870180,9223372036854775807,0,309802605267695,309802605302311,309802605305234,309802605652619,309802606779772,309802606865542,309802607348157,309802608422080,309802610275849,
0,309802621576065,309802621576065,9223372036854775807,0,309802621964465,309802621999849,309802622002926,309802622341234,309802623480311,309802623572926,309802624125695,309802625317311,309802627483772,
0,309802638281925,309802638281925,9223372036854775807,0,309802638658926,309802638693465,309802638696080,309802639047080,309802640152234,309802640241772,309802640711619,309802641613388,309802643534465,
0,309802654987682,309802654987682,9223372036854775807,0,309802655339234,309802655372003,309802655492695,309802655842003,309802657060465,309802657146465,309802657618619,309802658517311,309802660604311,
0,309802671693561,309802671693561,9223372036854775807,0,309802672069619,309802672103311,309802672106926,309802672423157,309802673520003,309802673604849,309802674093542,309802675025388,309802677023234,
0,309802688399351,309802688399351,9223372036854775807,0,309802688769849,309802688804772,309802688807465,309802689159234,309802690272695,309802690358619,309802690825465,309802691836003,309802694026849,
0,309802705105205,309802705105205,9223372036854775807,0,309802705506003,309802705540926,309802705543157,309802705866619,309802706795695,309802706869619,309802707344157,309802708332388,309802710330542,
0,309802721810996,309802721810996,9223372036854775807,0,309802722201003,309802722235542,309802722238234,309802722587772,309802723687849,309802723776388,309802724303311,309802725223157,309802727205465,
0,309802738516851,309802738516851,9223372036854775807,0,309802738881695,309802738917080,309802738919695,309802739264465,309802740386542,309802740475080,309802740962465,309802741871080,309802743719772,
0,309802755222780,309802755222780,9223372036854775807,0,309802755568465,309802755601080,309802755603772,309802755943388,309802757403388,309802757488003,309802757971080,309802758987311,309802764652388,
0,309802771928855,309802771928855,9223372036854775807,0,309802772316619,309802772353619,309802772356695,309802772724311,309802773991234,309802774078772,309802774589311,309802775666465,309802778025465,
0,309802788634477,309802788634477,9223372036854775807,0,309802789028926,309802789065234,309802789068388,309802789434311,309802790817542,309802790900003,309802791458234,309802792574311,309802795054619,
0,309802805340127,309802805340127,9223372036854775807,0,309802805733080,309802805770542,309802805907619,309802806268003,309802807516619,309802807617311,309802808578003,309802809840465,309802812192080,
0,309802822045762,309802822045762,9223372036854775807,0,309802822479542,309802822517388,309802822520619,309802822936465,309802823733926,309802823868465,309802825123695,309802826112465,309802828363542,
0,309802838751327,309802838751327,9223372036854775807,0,309802842943465,309802842978157,309802842980849,309802843298772,309802843713080,309802843824542,309802844382772,309802845555695,309802847584311,
