2,8798705243053,8798705243053,0,0,8798705243053,8798705243053,8798705243053,8798705243053,8798709395061,8798709399984,8798710081830,8798712056599,8798715104830,
1,8798507665356,8798704904004,9223372036854775807,0,8798708353291,8798708410445,8798711805214,8798725490061,8798725827061,8798744566753,8798745183984,8798750787676,8798754227368,
2,8798754640936,8798754640936,0,0,8798754640936,8798754640936,8798754640936,8798754640936,8798758741138,8798758744214,8798759275907,8798761083522,8798764546214,
2,8798771103477,8798771103477,0,0,8798771103477,8798771103477,8798771103477,8798771103477,8798775218522,8798775221599,8798775766753,8798777429753,8798781058138,
2,8798787565825,8798787565825,0,0,8798787565825,8798787565825,8798787565825,8798787565825,8798791656907,8798791660291,8798792144522,8798793489753,8798796253061,
0,8800137662723,8800137662723,9223372036854775807,0,8800152800522,8800152833291,8800152835138,8800153950676,8800164230215,8800164725368,8800165388445,8800176268291,8800184700215,
0,8801174975786,8801174975786,9223372036854775807,0,8801175319445,8801175356368,8801175683215,8801175881522,8801177865676,8801178103522,8801178568215,8801182071138,8801190311368,
0,8801191441328,8801207877882,9223372036854775807,0,8801210481522,8801210522292,8801210537753,8801210728368,8801211343522,8801211481676,8801211991676,8801213344599,8801222397061,
2,8801224368563,8801224368563,0,0,8801224368563,8801224368563,8801224368563,8801224368563,8801228420368,8801228422830,8801228860907,8801230201215,8801234256984,
2,8801240832930,8801240832930,0,0,8801240832930,8801240832930,8801240832930,8801240832930,8801244908830,8801244911676,8801245317215,8801246486215,8801248710292,
2,8801257297313,8801257297313,0,0,8801257297313,8801257297313,8801257297313,8801257297313,8801261377599,8801261380522,8801261831676,8801263106061,8801265375522,
2,8801273761780,8801273761780,0,0,8801273761780,8801273761780,8801273761780,8801273761780,8801277843368,8801277845907,8801278229368,8801279258830,8801281458907,
2,8801290231980,8801290231980,0,0,8801290231980,8801290231980,8801290231980,8801290231980,8801294297445,8801294300061,8801294673445,8801295711753,8801297701445,
2,8801306696394,8801306696394,0,0,8801306696394,8801306696394,8801306696394,8801306696394,8801310771830,8801310774445,8801311243676,8801312567138,8801315438215,
2,8801323163768,8801323163768,0,0,8801323163768,8801323163768,8801323163768,8801323163768,8801327240984,8801327244061,8801327622599,8801328644368,8801331382368,
2,8801339634656,8801339634656,0,0,8801339634656,8801339634656,8801339634656,8801339634656,8801343699830,8801343702599,8801344127984,8801345249676,8801347258753,
2,8801356100998,8801356100998,0,0,8801356100998,8801356100998,8801356100998,8801356100998,8801360204522,8801360207907,8801360666984,8801361929292,8801364495984,
2,8801372568823,8801372568823,0,0,8801372568823,8801372568823,8801372568823,8801372568823,8801376649138,8801376651984,8801377020753,8801378054907,8801380290753,
2,8801389034297,8801389034297,0,0,8801389034297,8801389034297,8801389034297,8801389034297,8801393092984,8801393095830,8801393603368,8801394981599,8801397440753,
2,8801405506855,8801405506855,0,0,8801405506855,8801405506855,8801405506855,8801405506855,8801409579368,8801409582368,8801409997138,8801411331599,8801414086753,
2,8801421973822,8801421973822,0,0,8801421973822,8801421973822,8801421973822,8801421973822,8801426080830,8801426083753,8801426519522,8801427549368,8801430093907,
2,8801438438205,8801438438205,0,0,8801438438205,8801438438205,8801438438205,8801438438205,8801442481061,8801442483445,8801442859753,8801443913984,8801446100984,
2,8801454903113,8801454903113,0,0,8801454903113,8801454903113,8801454903113,8801454903113,8801458980292,8801458983215,8801459394368,8801460677292,8801463556676,
2,8801471368891,8801471368891,0,0,8801471368891,8801471368891,8801471368891,8801471368891,8801475686138,8801475690445,8801476194599,8801477965445,8801481192215,
2,8801487835965,8801487835965,0,0,8801487835965,8801487835965,8801487835965,8801487835965,8801491914830,8801491917599,8801492297830,8801493472599,8801495884907,
2,8801504304479,8801504304479,0,0,8801504304479,8801504304479,8801504304479,8801504304479,8801508376676,8801508378984,8801508751830,8801509813368,8801512194830,
2,8801520767056,8801520767056,0,0,8801520767056,8801520767056,8801520767056,8801520767056,8801524824984,8801524827907,8801525246599,8801526473215,8801528589907,
2,8801537233174,8801537233174,0,0,8801537233174,8801537233174,8801537233174,8801537233174,8801541240138,8801541242907,8801541627292,8801542793138,8801545537984,
2,8801553699321,8801553699321,0,0,8801553699321,8801553699321,8801553699321,8801553699321,8801557755368,8801557757907,8801558158522,8801559359138,8801561870676,
2,8801570165917,8801570165917,0,0,8801570165917,8801570165917,8801570165917,8801570165917,8801574275292,8801574278368,8801574657138,8801575738599,8801577993368,
2,8801586629340,8801586629340,0,0,8801586629340,8801586629340,8801586629340,8801586629340,8801590722676,8801590725445,8801591098368,8801592100599,8801594268753,
2,8801635968307,8801635968307,0,0,8801635968307,8801635968307,8801635968307,8801635968307,8801636917292,8801636920138,8801637433984,8801640546599,8801642871676,
2,8801652493541,8801652493541,0,0,8801652493541,8801652493541,8801652493541,8801652493541,8801656578599,8801656580907,8801656961907,8801658744753,8801661657445,
2,8801668956614,8801668956614,0,0,8801668956614,8801668956614,8801668956614,8801668956614,8801673030830,8801673032984,8801673440522,8801674571753,8801677018292,
2,8801685421722,8801685421722,0,0,8801685421722,8801685421722,8801685421722,8801685421722,8801689499830,8801689502522,8801689904445,8801691052907,8801693258368,
2,8801701886595,8801701886595,0,0,8801701886595,8801701886595,8801701886595,8801701886595,8801706016907,8801706019907,8801706490292,8801707686522,8801709962907,
2,8801718351518,8801718351518,0,0,8801718351518,8801718351518,8801718351518,8801718351518,8801722498907,8801722503215,8801723021368,8801724677368,8801727303599,
2,8801734815639,8801734815639,0,0,8801734815639,8801734815639,8801734815639,8801734815639,8801738879061,8801738882138,8801739339984,8801740713522,8801743756753,
2,8801751282956,8801751282956,0,0,8801751282956,8801751282956,8801751282956,8801751282956,8801755389830,8801755393061,8801755938984,8801757628215,8801760478984,
2,8801767749297,8801767749297,0,0,8801767749297,8801767749297,8801767749297,8801767749297,8801772254676,8801772257599,8801772756445,8801774181061,8801776822907,
2,8801784213978,8801784213978,0,0,8801784213978,8801784213978,8801784213978,8801784213978,8801788294215,8801788296907,8801788701368,8801789920907,8801793825061,
2,8801849991660,8801849991660,0,0,8801849991660,8801849991660,8801849991660,8801849991660,8801854032061,8801854034907,8801854830753,8801863082215,8801867017138,
2,8801866540247,8801866540247,0,0,8801866540247,8801866540247,8801866540247,8801866540247,8801870553984,8801870562676,8801871186061,8801872617676,8801877250522,
2,8801883001550,8801883001550,0,0,8801883001550,8801883001550,8801883001550,8801883001550,8801887131522,8801887135676,8801887691138,8801889079215,8801892275138,
2,8801899464688,8801899464688,0,0,8801899464688,8801899464688,8801899464688,8801899464688,8801903603061,8801903607676,8801904274676,8801906196061,8801910945830,
2,8801915924317,8801915924317,0,0,8801915924317,8801915924317,8801915924317,8801915924317,8801920154369,8801920159907,8801920783599,8801922550215,8801926225984,
2,8801932389413,8801932389413,0,0,8801932389413,8801932389413,8801932389413,8801932389413,8801936491599,8801936495445,8801937031522,8801938525676,8801943337215,
2,8801948856827,8801948856827,0,0,8801948856827,8801948856827,8801948856827,8801948856827,8801952974984,8801952978830,8801953562138,8801955943292,8801960649061,
0,8803216570771,8803216570771,9223372036854775807,0,8803217077138,8803217113753,8803217117061,8803219574599,8803228675753,8803229151522,8803229796292,8803245222446,8803253966522,
0,8804204538301,8804204538301,9223372036854775807,0,8804204957369,8804204991215,8804205265522,8804205454676,8804207275061,8804207520984,8804207972753,8804213280061,8804222277215,
0,8804221004403,8804237440957,9223372036854775807,0,8804238339984,8804238375522,8804238391138,8804238588522,8804239201676,8804239317061,8804239802599,8804240949061,8804249739369,
2,8804253931717,8804253931717,0,0,8804253931717,8804253931717,8804253931717,8804253931717,8804260211599,8804260214446,8804260699446,8804262302907,8804264828215,
2,8804270380042,8804270380042,0,0,8804270380042,8804270380042,8804270380042,8804270380042,8804274453215,8804274455446,8804274839753,8804275870599,8804277941522,
2,8804286845262,8804286845262,0,0,8804286845262,8804286845262,8804286845262,8804286845262,8804290911753,8804290914138,8804291274215,8804292224830,8804294293369,
2,8804303310678,8804303310678,0,0,8804303310678,8804303310678,8804303310678,8804303310678,8804307387446,8804307389907,8804307761292,8804308717907,8804310718907,
2,8804319775785,8804319775785,0,0,8804319775785,8804319775785,8804319775785,8804319775785,8804323850599,8804323853215,8804324252446,8804325529599,8804328582369,
2,8804336244012,8804336244012,0,0,8804336244012,8804336244012,8804336244012,8804336244012,8804340323676,8804340326369,8804340712061,8804341795292,8804344066676,
2,8804352707421,8804352707421,0,0,8804352707421,8804352707421,8804352707421,8804352707421,8804356794369,8804356797369,8804357187061,8804358423830,8804361636907,
2,8804369176906,8804369176906,0,0,8804369176906,8804369176906,8804369176906,8804369176906,8804373223215,8804373225830,8804373655676,8804374696061,8804377352138,
2,8804385640249,8804385640249,0,0,8804385640249,8804385640249,8804385640249,8804385640249,8804389709215,8804389711830,8804390173830,8804391298292,8804393822369,
2,8804402105420,8804402105420,0,0,8804402105420,8804402105420,8804402105420,8804402105420,8804406216215,8804406219061,8804406606907,8804407665292,8804410175599,
2,8804418569984,8804418569984,0,0,8804418569984,8804418569984,8804418569984,8804418569984,8804422656138,8804422659138,8804423070599,8804424225292,8804426626599,
2,8804435036831,8804435036831,0,0,8804435036831,8804435036831,8804435036831,8804435036831,8804439110984,8804439113830,8804439474215,8804440525292,8804442631599,
2,8804451502616,8804451502616,0,0,8804451502616,8804451502616,8804451502616,8804451502616,8804455577369,8804455580138,8804455971676,8804457159523,8804459428676,
2,8804467969209,8804467969209,0,0,8804467969209,8804467969209,8804467969209,8804467969209,8804472016061,8804472018292,8804472418676,8804473532292,8804475990523,
2,8804484436131,8804484436131,0,0,8804484436131,8804484436131,8804484436131,8804484436131,8804489301446,8804489304907,8804489787599,8804491253215,8804494385907,
2,8804500899700,8804500899700,0,0,8804500899700,8804500899700,8804500899700,8804500899700,8804504950215,8804504952676,8804505328446,8804506386446,8804508929215,
2,8804533802496,8804533802496,0,0,8804533802496,8804533802496,8804533802496,8804533802496,8804534405446,8804534408907,8804534896753,8804536364753,8804538493138,
2,8804550297895,8804550297895,0,0,8804550297895,8804550297895,8804550297895,8804550297895,8804554344676,8804554346907,8804554770830,8804555964599,8804558144061,
2,8804616103121,8804616103121,0,0,8804616103121,8804616103121,8804616103121,8804616103121,8804624294446,8804624297369,8804624775138,8804626200369,8804628350599,
2,8804632627300,8804632627300,0,0,8804632627300,8804632627300,8804632627300,8804632627300,8804636634676,8804636637599,8804637100907,8804639118138,8804642078830,
2,8804649096299,8804649096299,0,0,8804649096299,8804649096299,8804649096299,8804649096299,8804653176907,8804653179369,8804653741984,8804655224676,8804658217523,
2,8804665557030,8804665557030,0,0,8804665557030,8804665557030,8804665557030,8804665557030,8804669653292,8804669657061,8804670193446,8804671526292,8804674455061,
2,8804682026003,8804682026003,0,0,8804682026003,8804682026003,8804682026003,8804682026003,8804686116907,8804686119676,8804686551138,8804687876599,8804690758984,
2,8804698488914,8804698488914,0,0,8804698488914,8804698488914,8804698488914,8804698488914,8804702572907,8804702576292,8804702981215,8804704337676,8804707619676,
2,8804714954716,8804714954716,0,0,8804714954716,8804714954716,8804714954716,8804714954716,8804719061523,8804719065369,8804719639676,8804721365061,8804724161215,
2,8804731419409,8804731419409,0,0,8804731419409,8804731419409,8804731419409,8804731419409,8804735522599,8804735526523,8804736075907,8804737658138,8804741027523,
2,8804747884591,8804747884591,0,0,8804747884591,8804747884591,8804747884591,8804747884591,8804752010984,8804752014830,8804752559753,8804754107830,8804761808138,
2,8804764350150,8804764350150,0,0,8804764350150,8804764350150,8804764350150,8804764350150,8804768467830,8804768470753,8804769010292,8804770967830,8804776557676,
2,8804780816912,8804780816912,0,0,8804780816912,8804780816912,8804780816912,8804780816912,8804784950292,8804784953907,8804785557753,8804786971061,8804789597061,
2,8804797282251,8804797282251,0,0,8804797282251,8804797282251,8804797282251,8804797282251,8804801375138,8804801379753,8804801995292,8804803629215,8804807589907,
2,8804813746670,8804813746670,0,0,8804813746670,8804813746670,8804813746670,8804813746670,8804817877138,8804817880523,8804818456061,8804820425215,8804824672753,
0,8806163895909,8806163895909,9223372036854775807,0,8806166012061,8806166051292,8806166053215,8806167497600,8806178260907,8806178678138,8806179296369,8806190685215,8806200121523,
0,8807151797092,8807151797092,9223372036854775807,0,8807152140984,8807152177753,8807152471753,8807152680677,8807154701984,8807154895138,8807155347138,8807160518215,8807170541215,
0,8807168261672,8807184698226,9223372036854775807,0,8807187273600,8807187311292,8807187325446,8807187520753,8807188102292,8807188236830,8807188700061,8807189706677,8807201923830,
2,8807217658286,8807217658286,0,0,8807217658286,8807217658286,8807217658286,8807217658286,8807221695138,8807221697677,8807222052523,8807223000677,8807225288215,
2,8807234122711,8807234122711,0,0,8807234122711,8807234122711,8807234122711,8807234122711,8807238191061,8807238194292,8807238563138,8807239523369,8807241574446,
2,8807250587306,8807250587306,0,0,8807250587306,8807250587306,8807250587306,8807250587306,8807254655369,8807254659830,8807255091523,8807256309677,8807258423830,
2,8807267053487,8807267053487,0,0,8807267053487,8807267053487,8807267053487,8807267053487,8807271121984,8807271124753,8807271528446,8807272815753,8807276031138,
2,8807283524073,8807283524073,0,0,8807283524073,8807283524073,8807283524073,8807283524073,8807287608292,8807287611215,8807288063446,8807289341984,8807292639138,
2,8807299985859,8807299985859,0,0,8807299985859,8807299985859,8807299985859,8807299985859,8807304070446,8807304073215,8807304448677,8807305452523,8807308079984,
2,8807316448996,8807316448996,0,0,8807316448996,8807316448996,8807316448996,8807316448996,8807320524907,8807320527446,8807320958215,8807322326446,8807325022523,
2,8807332916814,8807332916814,0,0,8807332916814,8807332916814,8807332916814,8807332916814,8807336988753,8807336990984,8807337362600,8807338432292,8807340764369,
2,8807349377643,8807349377643,0,0,8807349377643,8807349377643,8807349377643,8807349377643,8807353454677,8807353457446,8807353847677,8807354896446,8807357211061,
2,8807365853483,8807365853483,0,0,8807365853483,8807365853483,8807365853483,8807365853483,8807369977215,8807369980061,8807370451984,8807371570446,8807374397984,
2,8807382320574,8807382320574,0,0,8807382320574,8807382320574,8807382320574,8807382320574,8807386398523,8807386401523,8807386765753,8807387750907,8807389968215,
2,8807398787128,8807398787128,0,0,8807398787128,8807398787128,8807398787128,8807398787128,8807402856600,8807402859292,8807403232215,8807404312907,8807406910446,
2,8807415253717,8807415253717,0,0,8807415253717,8807415253717,8807415253717,8807415253717,8807419336446,8807419339753,8807419801215,8807421051061,8807423721446,
2,8807431721281,8807431721281,0,0,8807431721281,8807431721281,8807431721281,8807431721281,8807435902907,8807435906061,8807436304446,8807437485215,8807439971138,
2,8807448194239,8807448194239,0,0,8807448194239,8807448194239,8807448194239,8807448194239,8807452270369,8807452273292,8807452645830,8807453686984,8807455752753,
2,8807464653926,8807464653926,0,0,8807464653926,8807464653926,8807464653926,8807464653926,8807468741292,8807468744215,8807469133138,8807470450753,8807472977753,
2,8807481121538,8807481121538,0,0,8807481121538,8807481121538,8807481121538,8807481121538,8807485183523,8807485186600,8807485668830,8807486969369,8807489456138,
2,8807497588302,8807497588302,0,0,8807497588302,8807497588302,8807497588302,8807497588302,8807501666061,8807501669292,8807502153369,8807503423061,8807506161753,
2,8807514053590,8807514053590,0,0,8807514053590,8807514053590,8807514053590,8807514053590,8807518120830,8807518123446,8807518523753,8807519740523,8807522409061,
2,8807579856787,8807579856787,0,0,8807579856787,8807579856787,8807579856787,8807579856787,8807583847446,8807583850138,8807584319215,8807586671446,8807589303753,
2,8807596379749,8807596379749,0,0,8807596379749,8807596379749,8807596379749,8807596379749,8807600454984,8807600457907,8807600935446,8807603013446,8807606025907,
2,8807612845773,8807612845773,0,0,8807612845773,8807612845773,8807612845773,8807612845773,8807616933061,8807616935523,8807617329138,8807618450600,8807620811446,
2,8807629310296,8807629310296,0,0,8807629310296,8807629310296,8807629310296,8807629310296,8807633401523,8807633404446,8807633817830,8807634909061,8807637183292,
2,8807645774400,8807645774400,0,0,8807645774400,8807645774400,8807645774400,8807645774400,8807649849369,8807649852138,8807650355446,8807651536138,8807654002600,
2,8807662240244,8807662240244,0,0,8807662240244,8807662240244,8807662240244,8807662240244,8807666313677,8807666316446,8807666719523,8807667948753,8807671109600,
2,8807678706404,8807678706404,0,0,8807678706404,8807678706404,8807678706404,8807678706404,8807682807061,8807682810138,8807683322061,8807684755523,8807686982446,
2,8807695176157,8807695176157,0,0,8807695176157,8807695176157,8807695176157,8807695176157,8807699264446,8807699267753,8807699708600,8807700993292,8807703747369,
2,8807711634142,8807711634142,0,0,8807711634142,8807711634142,8807711634142,8807711634142,8807715713061,8807715716138,8807716206830,8807717600061,8807721619446,
2,8807728104306,8807728104306,0,0,8807728104306,8807728104306,8807728104306,8807728104306,8807732194600,8807732197523,8807732670677,8807733827369,8807736309907,
2,8807744567687,8807744567687,0,0,8807744567687,8807744567687,8807744567687,8807744567687,8807748694907,8807748697830,8807749202215,8807750743369,8807756286523,
2,8807810344760,8807810344760,0,0,8807810344760,8807810344760,8807810344760,8807810344760,8807810575292,8807810576984,8807811109369,8807819102215,8807822614600,
2,8807826895953,8807826895953,0,0,8807826895953,8807826895953,8807826895953,8807826895953,8807831003369,8807831006907,8807831575061,8807833761600,8807837940446,
2,8807859829726,8807859829726,0,0,8807859829726,8807859829726,8807859829726,8807859829726,8807863934061,8807863939830,8807864981753,8807866948061,8807871502677,
2,8807876287832,8807876287832,0,0,8807876287832,8807876287832,8807876287832,8807876287832,8807880797907,8807880809677,8807881563215,8807883316753,8807887429830,
0,8809094652734,8809094652734,9223372036854775807,0,8809095462292,8809095500523,8809095502830,8809096960984,8809106936369,8809107271754,8809107720369,8809118748523,8809127202754,
