0,6311705159302,6311705159302,6311697000000,6311700159302,6311705583605,6311708373451,6311708380758,6311708700297,6311709728143,6311709788758,6311710284835,6311712391220,6311716495605,
0,6311721626388,6311721626388,6311713000000,6311716626388,6311721961605,6311722854989,6311722861528,6311722944912,6311723560835,6311723610451,6311726450220,6311728589220,6311737494758,
0,6311738089429,6311738089429,6311728000000,6311733089429,6311738516374,6311740140835,6311740147374,6311740400605,6311740779374,6311740991605,6311742491066,6311744566912,6311747555681,
0,6311754551579,6311754551579,9223372036854775807,0,6311755214912,6311755246143,6311756492374,6311756562835,6311756981143,6311757730528,6311758087220,6311761424220,6311766913912,
0,6311771008065,6311771008065,9223372036854775807,0,6311776767220,6311776809912,6311778027220,6311778272989,6311778872605,6311780909758,6311782504451,6311785011451,6311792609989,
0,6311787445668,6311787445668,9223372036854775807,0,6311799170912,6311799223297,6311800847220,6311801145681,6311802613297,6311802731220,6311804847912,6311807312143,6311812974758,
0,6311803915074,6311803915074,9223372036854775807,0,6311814016220,6311814019681,6311817605297,6311817689912,6311817922220,6311818013835,6311818422605,6311821032835,6311841509912,
0,6311820379550,6311836816104,9223372036854775807,0,6311842387374,6311842424681,6311857682220,6311857943143,6311858344143,6311858629528,6311867199528,6311869760605,6311874967143,
0,6311869783441,6311886219995,9223372036854775807,0,6311901969066,6311902570758,6311911789528,6311911996220,6311912403143,6311912494758,6311913062912,6311915368681,6311917879989,
0,6311919176740,6311919176740,9223372036854775807,0,6311919936758,6311920222143,6311920225297,6311920318605,6311920890374,6311921059681,6311921641681,6311923959989,6311926334143,
0,6311935632787,6311935632787,6311915000000,6311922500000,6311935979835,6311936983989,6311936992758,6311937247451,6311937746143,6311937797066,6311939325297,6311941326912,6311943882605,
0,6311952099167,6311952099167,6311942000000,6311942000000,6311952429297,6311954056143,6311954063451,6311954303451,6311955189374,6311955268835,6311956774066,6311959332835,6311962205374,
0,6311968562346,6311968562346,6311959000000,6311963562346,6311968865528,6311969604912,6311969610451,6311969736758,6311970535989,6311970596835,6311973145835,6311975736297,6311978598220,
0,6311985030006,6311985030006,6311975000000,6311980030006,6311985344297,6311986363835,6311986372682,6311986475605,6311987355297,6311987405989,6311989625835,6311991675297,6311994228374,
0,6312001497434,6312001497434,6311991000000,6311996497434,6312001965066,6312003736758,6312003741220,6312003976912,6312004675989,6312004728835,6312007587451,6312009171528,6312011616682,
0,6312017950019,6312017950019,6312009000000,6312012950019,6312018281758,6312019047220,6312019053066,6312019125451,6312019852220,6312019939758,6312023446682,6312025599143,6312029082835,
0,6312034428867,6312034428867,6312024000000,6312029428867,6312034968989,6312037903605,6312037911835,6312038181374,6312039046143,6312039106528,6312043229912,6312048030912,6312051378374,
0,6312050892806,6312050892806,6312043000000,6312045892806,6312051647220,6312054092989,6312054106143,6312054557989,6312055559605,6312055626912,6312058283835,6312061333835,6312064798143,
0,6312067360106,6312067360106,6312059000000,6312062360106,6312068016528,6312069067374,6312069072682,6312069140374,6312069468374,6312069554989,6312070823451,6312072349758,6312074186451,
0,6312083827065,6312083827065,6312074000000,6312078827065,6312084152912,6312085093682,6312085098143,6312085171297,6312085413220,6312085486989,6312085804605,6312087372605,6312089341451,
0,6312100292887,6312100292887,9223372036854775807,0,6312100625605,6312100656297,6312101694835,6312101880605,6312102041758,6312102126758,6312102674297,6312104978220,6312107225682,
0,6312116758632,6312116758632,9223372036854775807,0,6312117064758,6312117096143,6312117566374,6312117626835,6312117809605,6312117866374,6312118137835,6312119679297,6312121660682,
0,6312133217238,6312133217238,9223372036854775807,0,6312133526451,6312133562835,6312134248220,6312134320989,6312134542758,6312134604758,6312134917374,6312136556835,6312139064835,
0,6312149688774,6312149688774,9223372036854775807,0,6312150094758,6312150126912,6312150915374,6312151088297,6312151251220,6312151342374,6312151683528,6312153193528,6312155507528,
0,6312166157598,6312166157598,9223372036854775807,0,6312166487066,6312166522297,6312167063758,6312167127451,6312167336220,6312167397451,6312167686682,6312169176528,6312171158758,
0,6312182564896,6312182564896,9223372036854775807,0,6312182909451,6312182948374,6312183711989,6312183792835,6312184020374,6312184117451,6312184535143,6312187385989,6312189476835,
0,6312199054105,6312199054105,9223372036854775807,0,6312199419912,6312199458835,6312200391374,6312200602912,6312201011989,6312201090989,6312201548528,6312203899605,6312206110451,
0,6312215521315,6312215521315,9223372036854775807,0,6312215951066,6312215987451,6312216530912,6312216760451,6312217128758,6312217896758,6312219374758,6312221376989,6312226103835,
0,6312248449399,6312248449399,6312231000000,6312234000000,6312248829528,6312250577143,6312250582758,6312251021758,6312251694989,6312251748374,6312252073528,6312253938451,6312256313758,
0,6312264919689,6312264919689,6312255000000,6312255000000,6312265313835,6312266219989,6312266223989,6312266307758,6312267367989,6312267441835,6312268767912,6312271593066,6312275384528,
0,6312281377345,6312281377345,6312272000000,6312276377345,6312281739912,6312282610528,6312282616758,6312282693605,6312283201451,6312283297835,6312284499297,6312286477682,6312288834605,
0,6312297849530,6312297849530,6312288000000,6312292849530,6312298568912,6312300443297,6312300450605,6312300689912,6312301128143,6312301202220,6312301535528,6312303308758,6312305587374,
0,6312314317028,6312314317028,6312305000000,6312309317028,6312314675220,6312315658066,6312315664835,6312315752758,6312316008451,6312316081528,6312316407374,6312318051528,6312320275528,
0,6312330781122,6312330781122,6312321000000,6312325781122,6312331107682,6312332162989,6312332168758,6312332252374,6312332488912,6312332559605,6312332916297,6312334511912,6312336715682,
0,6312347248945,6312347248945,6312337000000,6312342248945,6312347549528,6312348997066,6312349004066,6312349251374,6312349674066,6312349745682,6312350140605,6312352207605,6312359813066,
0,6312363714524,6312363714524,6312354000000,6312358714524,6312364255066,6312367667220,6312367675451,6312367770605,6312369819912,6312369930682,6312370497220,6312374185682,6312386971297,
0,6312380175587,6312380175587,6312375000000,6312375000000,6312391809758,6312393550066,6312393556835,6312393641528,6312393907835,6312397163605,6312397601066,6312399947143,6312409420143,
0,6312413095549,6312413095549,6312401000000,6312401000000,6312417579989,6312420626220,6312420635220,6312422457220,6312423149758,6312423263682,6312423755528,6312426656528,6312432362758,
0,6312429550668,6312429550668,9223372036854775807,0,6312430774682,6312430813605,6312432921528,6312433100912,6312433485143,6312433663374,6312434291220,6312436420297,6312439192451,
0,6312446014745,6312446014745,9223372036854775807,0,6312446328297,6312446355758,6312446953912,6312447158912,6312447506143,6312447549912,6312448087451,6312450356835,6312452538605,
0,6312462479763,6312462479763,9223372036854775807,0,6312462774605,6312462802297,6312463200758,6312463268066,6312463690605,6312463731758,6312464949682,6312466725912,6312469554835,
0,6312478947840,6312478947840,9223372036854775807,0,6312479277605,6312479310143,6312479738220,6312479799989,6312480556374,6312480610066,6312481707374,6312483390835,6312485437605,
0,6312495419336,6312495419336,9223372036854775807,0,6312495720912,6312495750758,6312496151758,6312496213528,6312496520605,6312496589912,6312498690835,6312500515682,6312502449143,
0,6312511881686,6312511881686,9223372036854775807,0,6312512144143,6312512147143,6312512504220,6312512555143,6312512701682,6312512749758,6312513033912,6312514626682,6312516520374,
0,6312528347650,6312528347650,9223372036854775807,0,6312528628758,6312528655989,6312529714143,6312529925758,6312530471066,6312530513758,6312530834220,6312532750143,6312535017989,
0,6312544812539,6312544812539,9223372036854775807,0,6312545235528,6312545276374,6312546138066,6312546379374,6312546841912,6312546928989,6312550399374,6312552193374,6312555052528,
0,6312561275725,6312561275725,9223372036854775807,0,6312561591297,6312561596220,6312562125066,6312562191989,6312562431451,6312562504682,6312562876835,6312565028682,6312567314758,
0,6312577744902,6312577744902,6312566000000,6312567500000,6312578060682,6312578955297,6312578961143,6312579289220,6312579538682,6312579641758,6312580243758,6312583305451,6312587093989,
0,6312594206890,6312594206890,6312585000000,6312589206890,6312595061220,6312597010297,6312597017066,6312597288374,6312597878758,6312597931758,6312598281989,6312600407989,6312603199835,
0,6312610672143,6312610672143,6312602000000,6312605672143,6312611336605,6312613117297,6312613124374,6312613406912,6312613977912,6312614145297,6312617835758,6312620086682,6312622468374,
0,6312627134442,6312627134442,6312618000000,6312622134442,6312627554297,6312628791220,6312628798989,6312628887912,6312629129989,6312629205143,6312629582297,6312631695451,6312634782835,
0,6312643601533,6312643601533,6312634000000,6312638601533,6312643936297,6312645848605,6312645855682,6312646097682,6312646631989,6312646678758,6312647072066,6312648906143,6312651500835,
0,6312660066543,6312660066543,6312651000000,6312655066543,6312660801066,6312661715220,6312661720682,6312661805912,6312662478912,6312662842451,6312669032066,6312671145374,6312673596758,
0,6312676529492,6312676529492,6312667000000,6312671529492,6312677073835,6312678254451,6312678259374,6312678319758,6312678500528,6312678954066,6312679283143,6312681528835,6312684783605,
0,6312692998150,6312692998150,6312684000000,6312687998150,6312693729143,6312700318143,6312700334220,6312700954912,6312707615220,6312708836835,6312709386605,6312712880143,6312716342374,
0,6312709454514,6312709454514,6312704000000,6312704454514,6312717604912,6312723225451,6312723232758,6312723309835,6312723946835,6312724022912,6312725666066,6312735688528,6312738949912,
0,6312725910108,6312725910108,9223372036854775807,0,6312739961066,6312741042835,6312741047066,6312741155682,6312741606835,6312741783143,6312744132835,6312746587912,6312750215605,
0,6312742377392,6312742377392,6312729000000,6312729000000,6312749903066,6312751134912,6312751139682,6312751212374,6312751434528,6312751505066,6312751862143,6312754185374,6312760947605,
0,6312758844772,6312758844772,9223372036854775807,0,6312759205220,6312759247528,6312760409989,6312760511758,6312760841528,6312761465758,6312762073297,6312763656066,6312776970066,
0,6312775305297,6312775305297,9223372036854775807,0,6312775729682,6312775769912,6312776871374,6312777315682,6312778151066,6312778211682,6312778978451,6312781204758,6312793869758,
0,6312791772569,6312791772569,9223372036854775807,0,6312792123528,6312792155605,6312793386758,6312793681989,6312794146220,6312794240758,6312796206374,6312797860605,6312809404143,
0,6312808236870,6312808236870,9223372036854775807,0,6312808567297,6312808600143,6312809059143,6312809122143,6312809574835,6312809765758,6312810287605,6312811758374,6312825783682,
0,6312824703656,6312824703656,9223372036854775807,0,6312824978605,6312825006297,6312825397220,6312825464912,6312825767758,6312826060451,6312827567989,6312829009451,6312842144528,
0,6312841169095,6312841169095,9223372036854775807,0,6312841453297,6312841457758,6312841892528,6312841952374,6312842153912,6312842429220,6312842856220,6312844258451,6312858851297,
0,6312857633238,6312857633238,9223372036854775807,0,6312857896528,6312857921297,6312858986143,6312859186912,6312859753682,6312859803297,6312860374989,6312862148066,6312875802066,
0,6312874098051,6312874098051,9223372036854775807,0,6312874562758,6312874594528,6312875018220,6312875090297,6312875553220,6312876232989,6312880234912,6312881925682,6312891767220,
0,6312890567911,6312890567911,9223372036854775807,0,6312890836066,6312890839451,6312891211758,6312891275451,6312891491220,6312892166912,6312892694297,6312894445451,6312908979682,
0,6312907017602,6312907017602,6312897000000,6312898000000,6312908229297,6312909752451,6312909758912,6312910266682,6312910503297,6312910853374,6312913205528,6312914920297,6312924804451,
0,6312923495513,6312923495513,6312915000000,6312918495513,6312923820758,6312925354758,6312925360989,6312925623297,6312926178758,6312926225143,6312926768451,6312928680835,6312942124220,
0,6312939970027,6312939970027,6312930000000,6312934970027,6312940354066,6312941291528,6312941297143,6312941373297,6312941833605,6312942510758,6312945660758,6312947790528,6312958339451,
0,6312956434648,6312956434648,6312947000000,6312951434648,6312956790374,6312959004297,6312959011143,6312959228297,6312959418989,6312959476912,6312960046297,6312961644451,6312974235220,
0,6312972901750,6312972901750,6312964000000,6312967901750,6312973204912,6312974723297,6312974729912,6312974966835,6312975471297,6312975514912,6312976045374,6312977953297,6312991261835,
0,6312989366289,6312989366289,6312980000000,6312984366289,6312989744682,6312990743297,6312990749605,6312990863528,6312991331912,6312992506758,6312995758220,6312997515835,6313007362912,
0,6313005826953,6313005826953,6312996000000,6313000826953,6313006643451,6313008069682,6313008076066,6313008302605,6313008549374,6313008639451,6313009313989,6313011076066,6313026945758,
0,6313022296891,6313022296891,6313013000000,6313017296891,6313023596605,6313025368912,6313025376143,6313025591143,6313026138297,6313027660143,6313028366220,6313031401528,6313044641528,
0,6313038765118,6313038765118,6313033000000,6313033765118,6313044903143,6313052282374,6313052294989,6313052414143,6313058446835,6313060418297,6313064381066,6313067007989,6313069549143,
0,6313071697486,6313071697486,6313052000000,6313060000000,6313072353989,6313075326297,6313075334220,6313075576143,6313076036143,6313076124989,6313076590682,6313079717374,6313084223374,
0,6313088166426,6313088166426,9223372036854775807,0,6313088576451,6313088613297,6313089349374,6313089427605,6313089924297,6313089992835,6313090440912,6313092806682,6313095186835,
0,6313104623755,6313104623755,9223372036854775807,0,6313105152682,6313105187451,6313105642528,6313105717451,6313106237451,6313106285682,6313109295758,6313111214451,6313114694605,
0,6313121090090,6313121090090,9223372036854775807,0,6313121446912,6313121475682,6313122212682,6313122408066,6313122677451,6313122752989,6313123741605,6313125542605,6313128733066,
0,6313137555275,6313137555275,9223372036854775807,0,6313137985528,6313138023989,6313138957066,6313139064758,6313140066297,6313140185528,6313140614989,6313142239912,6313144035374,
0,6313154023621,6313154023621,9223372036854775807,0,6313154340143,6313154372682,6313155448835,6313155663835,6313156299066,6313156354451,6313157253989,6313158927451,6313161089989,
0,6313170488082,6313170488082,9223372036854775807,0,6313170795451,6313170822451,6313171193835,6313171257297,6313171808143,6313171877912,6313173972143,6313176218143,6313180104758,
0,6313186955624,6313186955624,9223372036854775807,0,6313187263605,6313187296143,6313187875374,6313187940989,6313188314682,6313188390374,6313189800143,6313191546374,6313193572605,
0,6313203415435,6313203415435,9223372036854775807,0,6313203690066,6313203693605,6313204440451,6313204636605,6313204805374,6313204874374,6313205243605,6313206663758,6313208612528,
0,6313219876114,6313219876114,9223372036854775807,0,6313220196297,6313220223143,6313221554066,6313221754758,6313222260451,6313222304758,6313222619143,6313224088605,6313226029374,
0,6313236352164,6313236352164,9223372036854775807,0,6313236618682,6313236643912,6313236938605,6313236985528,6313237287451,6313237345835,6313239948143,6313241694989,6313243726297,
0,6313252820080,6313252820080,9223372036854775807,0,6313253119605,6313253123605,6313253561682,6313253621989,6313253824374,6313253887528,6313254237297,6313255832682,6313257728528,
0,6313269280094,6313269280094,9223372036854775807,0,6313269568220,6313269595989,6313269926220,6313269980528,6313270213451,6313270270912,6313270602143,6313272241220,6313274134682,
0,6313285748786,6313285748786,9223372036854775807,0,6313286118759,6313286155066,6313287200682,6313287419297,6313287721989,6313287798297,6313288178912,6313289734220,6313291873374,
0,6313302219289,6313302219289,9223372036854775807,0,6313302595759,6313302628528,6313303076682,6313303139605,6313303334066,6313303395374,6313303711143,6313305985066,6313308405528,
0,6313318680457,6313318680457,9223372036854775807,0,6313319385682,6313319421605,6313319954220,6313320087605,6313320329066,6313320441759,6313320818912,6313322478143,6313324950682,
0,6313335142819,6313335142819,9223372036854775807,0,6313335538528,6313335574451,6313336055451,6313336130066,6313336372912,6313336434297,6313336799605,6313338461759,6313340737835,
0,6313351610482,6313351610482,9223372036854775807,0,6313351932605,6313351967451,6313352451759,6313352527605,6313352744066,6313352811528,6313353189297,6313355095374,6313357219759,
0,6313368076879,6313368076879,9223372036854775807,0,6313368421066,6313368456528,6313368936835,6313369011835,6313369231451,6313369298989,6313369688605,6313371655066,6313374311374,
0,6313384543144,6313384543144,9223372036854775807,0,6313385310605,6313385348605,6313386025759,6313386103297,6313386333759,6313386409528,6313386763066,6313388455143,6313390934912,
0,6313401005732,6313401005732,9223372036854775807,0,6313401702989,6313401738066,6313402281759,6313402357989,6313402579835,6313402705451,6313403100143,6313404747682,6313407101605,
0,6313417475242,6313417475242,9223372036854775807,0,6313417852835,6313417892066,6313418789374,6313418880912,6313419131143,6313419211605,6313419563451,6313421697220,6313424201451,
0,6313433940331,6313433940331,9223372036854775807,0,6313434273605,6313434306066,6313434765066,6313434838835,6313435053912,6313435126451,6313435489374,6313437194835,6313439237989,
0,6313450417084,6313450417084,9223372036854775807,0,6313450729759,6313450762066,6313451205143,6313451270451,6313451480220,6313451540297,6313451864297,6313453520835,6313455601759,
0,6313466887910,6313466887910,9223372036854775807,0,6313467225374,6313467259528,6313468139989,6313468362759,6313468579528,6313468651451,6313469047297,6313470690835,6313472844451,
0,6313483352959,6313483352959,9223372036854775807,0,6313483695220,6313483730374,6313484332682,6313484406759,6313484613066,6313484693451,6313485030220,6313486715066,6313488976220,
0,6313499820214,6313499820214,9223372036854775807,0,6313500175759,6313500211066,6313500691374,6313500763143,6313500971835,6313501042066,6313501380989,6313502972835,6313505121605,
0,6313516287149,6313516287149,9223372036854775807,0,6313516616143,6313516652066,6313517138451,6313517208297,6313517420989,6313517499759,6313517843835,6313519468220,6313521612682,
0,6313532752921,6313532752921,9223372036854775807,0,6313533077220,6313533112989,6313533579297,6313533651759,6313533867374,6313533937451,6313534278066,6313536000682,6313538155143,
0,6313549216899,6313549216899,9223372036854775807,0,6313549564528,6313549600835,6313550136143,6313550212912,6313550453220,6313550522374,6313550920297,6313552748912,6313554957605,
0,6313565677916,6313565677916,9223372036854775807,0,6313566004835,6313566039835,6313566522220,6313566594220,6313566806682,6313566877835,6313567215528,6313568805605,6313571020912,
0,6313582151478,6313582151478,9223372036854775807,0,6313582495220,6313582530297,6313583118682,6313583193451,6313583405682,6313583488912,6313583829451,6313585424374,6313587564528,
0,6313598603768,6313598603768,9223372036854775807,0,6313598886989,6313598915682,6313599304220,6313599364759,6313599544682,6313599616066,6313599895759,6313601551528,6313603618143,
0,6313615077394,6313615077394,9223372036854775807,0,6313615376682,6313615408297,6313615834989,6313615904374,6313616103528,6313616166912,6313616474759,6313618056451,6313620150682,
0,6313631546106,6313631546106,9223372036854775807,0,6313631852989,6313631884989,6313632336759,6313632402374,6313632598605,6313632672528,6313632987835,6313634541759,6313636611220,
0,6313648011825,6313648011825,9223372036854775807,0,6313648322912,6313648355066,6313648779220,6313648843220,6313649038528,6313649102605,6313649417066,6313651191835,6313653256912,
0,6313664476123,6313664476123,9223372036854775807,0,6313664790989,6313664822759,6313665261835,6313665328605,6313665524066,6313665588528,6313665901989,6313667473759,6313669502759,
0,6313680944008,6313680944008,9223372036854775807,0,6313681273374,6313681305682,6313681874605,6313681941066,6313682129220,6313682200374,6313682522220,6313684098759,6313686256989,
0,6313697408505,6313697408505,9223372036854775807,0,6313697725835,6313697757835,6313698202835,6313698267835,6313698461451,6313698526682,6313698839220,6313700487143,6313702504374,
0,6313713875602,6313713875602,9223372036854775807,0,6313714186374,6313714218912,6313714654143,6313714720605,6313714917682,6313714980835,6313715300835,6313716941374,6313718896912,
0,6313730340558,6313730340558,9223372036854775807,0,6313730639143,6313730671451,6313731101912,6313731167835,6313731326528,6313731386066,6313731684605,6313733241528,6313735256528,
0,6313746804799,6313746804799,9223372036854775807,0,6313747094682,6313747125989,6313747552759,6313747618682,6313747817451,6313747886759,6313748189605,6313749751374,6313751919066,
0,6313763269600,6313763269600,9223372036854775807,0,6313763579066,6313763611374,6313764044605,6313764109451,6313764264297,6313764323528,6313764629682,6313766205912,6313768556759,
0,6313779740476,6313779740476,9223372036854775807,0,6313780100989,6313780131835,6313780535374,6313780599220,6313780773989,6313780841220,6313781098374,6313782691066,6313784634835,
