0,6257074065516,6257074065516,6257057000000,6257058500000,6257074312294,6257076222447,6257076271447,6257076514678,6257076866371,6257076919294,6257077158755,6257078234294,6257080617294,
0,6257090530371,6257090530371,6257081000000,6257081000000,6257090847909,6257091573371,6257091620601,6257091697140,6257092028063,6257092090063,6257092351217,6257093453217,6257095631524,
0,6257107003445,6257107003445,6257096000000,6257102003445,6257107284524,6257108012063,6257108058140,6257108134601,6257108480447,6257108543063,6257108787217,6257109840371,6257112057217,
0,6257123467604,6257123467604,6257113000000,6257118467604,6257123778832,6257124457294,6257124499294,6257124568909,6257124878294,6257124931832,6257125156601,6257126145371,6257128177140,
0,6257139931794,6257139931794,6257129000000,6257134931794,6257140253986,6257140929063,6257140970217,6257141041832,6257141350447,6257141404063,6257141631371,6257142602755,6257144450447,
0,6257156396027,6257156396027,6257146000000,6257151396027,6257156725832,6257157392217,6257157434678,6257157498755,6257157798447,6257157854447,6257158067755,6257159030063,6257161158986,
0,6257172858836,6257172858836,6257162000000,6257167858836,6257173342678,6257174066755,6257174106678,6257174173755,6257174496755,6257174549755,6257174755986,6257175812447,6257178733755,
0,6257189357792,6257189357792,6257179000000,6257184357792,6257193754294,6257195557909,6257195609986,6257195700371,6257196408832,6257196519909,6257196818755,6257198793755,6257201710909,
0,6257222286429,6257222286429,6257203000000,6257203000000,6257222672909,6257223503909,6257223543909,6257223624755,6257224028601,6257224092755,6257224358447,6257225747524,6257228510371,
0,6257238752916,6257238752916,6257228000000,6257228000000,6257239155294,6257240237678,6257240295909,6257240391909,6257240822524,6257240945832,6257241243755,6257242727294,6257245671217,
0,6257255218131,6257255218131,9223372036854775807,0,6257255568447,6257255599832,6257256213371,6257256287601,6257256587678,6257256646447,6257256848678,6257257877678,6257260788601,
0,6257271680582,6257271680582,9223372036854775807,0,6257272005447,6257272009063,6257272415140,6257272491140,6257272838447,6257272894601,6257273124447,6257274605063,6257277001217,
0,6257288146626,6257288146626,9223372036854775807,0,6257288443909,6257288478371,6257288894371,6257288969217,6257289305371,6257289364986,6257289586140,6257290728294,6257292880294,
0,6257304612875,6257304612875,9223372036854775807,0,6257304895447,6257304930140,6257305335371,6257305409140,6257306093371,6257306215371,6257306473524,6257307509371,6257309651371,
0,6257321078040,6257321078040,9223372036854775807,0,6257321391678,6257321428294,6257321854063,6257321930601,6257322298601,6257322363063,6257322678832,6257324037755,6257326333447,
0,6257337543303,6257337543303,9223372036854775807,0,6257337894601,6257337929678,6257338331909,6257338404524,6257338740063,6257338799986,6257339042755,6257340324832,6257342526371,
0,6257354008706,6257354008706,9223372036854775807,0,6257354296986,6257354331063,6257354724909,6257354798524,6257355133601,6257355193909,6257355428986,6257356815294,6257358978986,
0,6257370475108,6257370475108,9223372036854775807,0,6257370772371,6257370808063,6257371206294,6257371278063,6257371614909,6257371673063,6257371908601,6257373083678,6257376022524,
0,6257386939621,6257386939621,9223372036854775807,0,6257387243140,6257387278832,6257387710063,6257387787140,6257388123447,6257388181447,6257388431678,6257389550601,6257391843371,
0,6257403405197,6257403405197,9223372036854775807,0,6257403721986,6257403760832,6257404288447,6257404377063,6257404782140,6257404882909,6257405175217,6257406532063,6257409028063,
0,6257419870551,6257419870551,6257412000000,6257413500000,6257420193909,6257420929447,6257420972986,6257421252909,6257421964140,6257422033140,6257422273832,6257423314217,6257425472601,
0,6257436337095,6257436337095,6257426000000,6257431337095,6257436647217,6257438627601,6257438690524,6257438892524,6257439574601,6257439653832,6257439996601,6257441382909,6257443703371,
0,6257452801870,6257452801870,6257444000000,6257447801870,6257453441524,6257454053678,6257454134755,6257454199678,6257454639601,6257454742601,6257455018217,6257456103755,6257458544524,
0,6257469267194,6257469267194,6257459000000,6257464267194,6257469604755,6257472508447,6257472549447,6257472651678,6257473211294,6257473275371,6257473570217,6257474603294,6257476935601,
0,6257485733026,6257485733026,6257478000000,6257480733026,6257486667832,6257487370986,6257487457294,6257487529678,6257487907909,6257487981755,6257488293217,6257489408678,6257491750524,
0,6257502197444,6257502197444,6257493000000,6257497197444,6257502448063,6257503978601,6257504032217,6257504128063,6257504656909,6257504717678,6257504979909,6257505967909,6257508012371,
0,6257518663305,6257518663305,6257509000000,6257513663305,6257518912294,6257519630832,6257519713447,6257519778217,6257520145678,6257520226447,6257520505755,6257521777140,6257524145832,
0,6257535120306,6257535120306,6257525000000,6257530120306,6257537798678,6257540581063,6257540634294,6257540755678,6257541457294,6257541548447,6257541915063,6257543626678,6257546380294,
0,6257551587847,6257551587847,6257546000000,6257546000000,6257551998601,6257552884986,6257552993524,6257553082217,6257553461294,6257553570371,6257553928601,6257555483678,6257558218294,
0,6257568053345,6257568053345,6257560000000,6257563053345,6257568464140,6257570798140,6257570865986,6257570978217,6257571695063,6257571778217,6257572138601,6257573773909,6257579664524,
0,6257584518133,6257584518133,9223372036854775807,0,6257585764217,6257585794601,6257586235371,6257586310217,6257586659909,6257586762371,6257587116832,6257588638601,6257591405832,
0,6257600983661,6257600983661,9223372036854775807,0,6257601355678,6257601359447,6257601760832,6257601838832,6257602179832,6257602250832,6257602552217,6257603851601,6257606001524,
0,6257617448433,6257617448433,9223372036854775807,0,6257617741371,6257617776063,6257618797601,6257618989601,6257619567140,6257619634755,6257619954909,6257621312678,6257623436832,
0,6257633913484,6257633913484,9223372036854775807,0,6257634212447,6257634246755,6257634667140,6257634738371,6257635076524,6257635136371,6257635442832,6257636579217,6257638728601,
0,6257650380328,6257650380328,9223372036854775807,0,6257650675371,6257650709524,6257652057063,6257652254371,6257652868294,6257652936678,6257653203832,6257654262217,6257656441140,
0,6257666831888,6257666831888,9223372036854775807,0,6257667151140,6257667188986,6257667661217,6257667738447,6257668045217,6257668103294,6257668440909,6257669572140,6257671815524,
0,6257683297756,6257683297756,9223372036854775807,0,6257683601755,6257683635678,6257684997371,6257685190755,6257685803678,6257685875832,6257686143217,6257687193140,6257689420217,
0,6257699759782,6257699759782,9223372036854775807,0,6257700070294,6257700101909,6257700420601,6257700482986,6257700771832,6257700823755,6257701078678,6257702185832,6257704320447,
0,6257716227129,6257716227129,9223372036854775807,0,6257716542678,6257716573755,6257717013063,6257717081447,6257717370140,6257717422294,6257717725371,6257718809909,6257721022063,
0,6257732693009,6257732693009,9223372036854775807,0,6257732957832,6257732988678,6257734217371,6257734387909,6257734962986,6257735025678,6257735280832,6257736339832,6257738432217,
0,6257749157548,6257749157548,9223372036854775807,0,6257749437140,6257749467294,6257749941986,6257750072678,6257750419217,6257750488678,6257750791447,6257751985755,6257754217601,
0,6257765621961,6257765621961,6257749000000,6257750500000,6257765954294,6257767409063,6257768436447,6257768823678,6257769587909,6257769680447,6257770077063,6257771164140,6257773400909,
0,6257782090699,6257782090699,6257772000000,6257772000000,6257782388909,6257783023294,6257783185524,6257783255217,6257783547755,6257783613063,6257783860755,6257784984294,6257787054063,
0,6257798554690,6257798554690,6257788000000,6257793554690,6257798821140,6257800767678,6257800804217,6257800969832,6257801573524,6257801638832,6257801915217,6257802918217,6257805053601,
0,6257815021508,6257815021508,6257806000000,6257810021508,6257815296601,6257816023448,6257816103986,6257816168140,6257816456755,6257816512140,6257816815524,6257817853217,6257820145909,
0,6257831485323,6257831485323,6257821000000,6257826485323,6257831779217,6257834487832,6257834529755,6257834694909,6257835340678,6257835406832,6257835672909,6257836712294,6257838817678,
0,6257847952020,6257847952020,6257840000000,6257842952020,6257848206524,6257848925448,6257849007986,6257849075986,6257849364524,6257849425140,6257849726832,6257850888524,6257852994294,
0,6257864415828,6257864415828,6257854000000,6257859415828,6257864842371,6257867833294,6257867885524,6257868076601,6257868843601,6257868916217,6257869193140,6257871395678,6257874390986,
0,6257880881414,6257880881414,6257873000000,6257875881414,6257888422371,6257889660986,6257889763217,6257889853217,6257890321909,6257890429755,6257890913832,6257892661448,6257895506448,
0,6257913811419,6257913811419,6257896000000,6257896000000,6257914200909,6257916230524,6257916282601,6257916492448,6257917247524,6257917331140,6257917699986,6257919283448,6257922239217,
0,6257930277918,6257930277918,6257921000000,6257921000000,6257930662678,6257931596294,6257931713524,6257931805063,6257932210678,6257932331524,6257932717140,6257934436371,6257937140063,
0,6257946742657,6257946742657,9223372036854775807,0,6257947121448,6257947157063,6257947808755,6257947897063,6257948224832,6257948297217,6257948629217,6257949756678,6257952623524,
0,6257963225479,6257963225479,9223372036854775807,0,6257963713678,6257963717448,6257964669755,6257964862448,6257965452063,6257965515294,6257965789294,6257966870063,6257968979909,
0,6257979688698,6257979688698,9223372036854775807,0,6257979992217,6257980050601,6257980438909,6257980509448,6257980850832,6257980904294,6257981187524,6257982413986,6257984481448,
0,6257996153236,6257996153236,9223372036854775807,0,6257996461755,6257996495524,6257996842140,6257996911601,6257997248678,6257997306832,6257997595140,6257998790986,6258000971140,
0,6258012619477,6258012619477,9223372036854775807,0,6258012933524,6258012971294,6258014358986,6258014501986,6258015134063,6258015197063,6258015488524,6258016538371,6258018691986,
0,6258029084931,6258029084931,9223372036854775807,0,6258029375832,6258029410601,6258029710909,6258029785371,6258030198294,6258030249371,6258030503371,6258031720524,6258033835678,
0,6258078479192,6258078479192,6258067000000,6258068000000,6258078728832,6258079401524,6258079430601,6258079657140,6258079959063,6258080083371,6258080320601,6258081398217,6258083512217,
0,6258094945606,6258094945606,6258084000000,6258089945606,6258095225601,6258095909755,6258095948755,6258096020678,6258096324832,6258096382678,6258096653294,6258097847140,6258099891832,
0,6258111409352,6258111409352,6258101000000,6258106409352,6258111683140,6258112334755,6258112377371,6258112447140,6258112756909,6258112813678,6258113037448,6258114106448,6258116141678,
0,6258127875665,6258127875665,6258117000000,6258122875665,6258128134832,6258128790832,6258128832371,6258128902909,6258129218448,6258129273755,6258129503371,6258130658371,6258132699371,
0,6258144341592,6258144341592,6258134000000,6258139341592,6258144610063,6258145255986,6258145296678,6258145366909,6258145677524,6258145734601,6258145958217,6258146981140,6258148994678,
0,6258160806970,6258160806970,6258150000000,6258155806970,6258161081294,6258161749448,6258161790294,6258161860986,6258162171678,6258162228294,6258162459448,6258163529986,6258165560217,
0,6258177273196,6258177273196,6258167000000,6258172273196,6258177548986,6258178217909,6258178259371,6258178330217,6258178656986,6258178716140,6258178936063,6258179948063,6258182165909,
0,6258193709097,6258193709097,6258183000000,6258188709097,6258198024140,6258201643832,6258201698294,6258201783678,6258204433601,6258204550678,6258204836140,6258206305755,6258209716063,
0,6258226638438,6258226638438,6258211000000,6258211000000,6258226994217,6258227742217,6258227780217,6258227855063,6258228224832,6258228289371,6258228557294,6258229985371,6258232679448,
0,6258243105798,6258243105798,6258233000000,6258233000000,6258243469601,6258244343755,6258244391755,6258244481524,6258244870448,6258244945524,6258245215832,6258246731678,6258249444063,
0,6258259570283,6258259570283,9223372036854775807,0,6258259962524,6258260072448,6258260642063,6258260710678,6258261007140,6258261065063,6258261263524,6258262354524,6258265103217,
0,6258276025246,6258276025246,9223372036854775807,0,6258276996371,6258277000217,6258277578986,6258277656986,6258278338371,6258278398832,6258278685371,6258279712371,6258281891678,
0,6258292488239,6258292488239,9223372036854775807,0,6258292767986,6258292802678,6258293215371,6258293290909,6258293644678,6258293705909,6258293945678,6258295075755,6258297169986,
0,6258308956098,6258308956098,9223372036854775807,0,6258309243063,6258309276755,6258309674678,6258309747294,6258310175294,6258310234678,6258310488140,6258311681678,6258313796909,
0,6258325420890,6258325420890,9223372036854775807,0,6258325725909,6258325761755,6258326172909,6258326246140,6258326576832,6258326639755,6258326883524,6258328051832,6258330294140,
0,6258341887683,6258341887683,9223372036854775807,0,6258342198678,6258342233601,6258342631371,6258342703678,6258343078448,6258343134755,6258343379448,6258344514294,6258346642909,
0,6258358352113,6258358352113,9223372036854775807,0,6258358617601,6258358652448,6258359042832,6258359115140,6258359457371,6258359526217,6258359767832,6258361077294,6258363173678,
0,6258374819657,6258374819657,9223372036854775807,0,6258375121217,6258375156909,6258375559909,6258375637140,6258376177909,6258376237678,6258376489140,6258377627755,6258379739371,
0,6258391284759,6258391284759,9223372036854775807,0,6258391586755,6258391620986,6258392021986,6258392097140,6258392437755,6258392499601,6258392743294,6258393920909,6258396022448,
0,6258407749223,6258407749223,9223372036854775807,0,6258408037601,6258408072217,6258408468063,6258408543909,6258408877524,6258408933832,6258409184217,6258410417601,6258412505140,
0,6258424216283,6258424216283,9223372036854775807,0,6258424508986,6258424544371,6258424943140,6258425020140,6258425369909,6258425428832,6258425679986,6258426889832,6258429084755,
0,6258440680507,6258440680507,9223372036854775807,0,6258441224986,6258441262524,6258441813371,6258441888986,6258442195063,6258442337678,6258442563986,6258443698063,6258445829140,
0,6258457145773,6258457145773,9223372036854775807,0,6258457479140,6258457511371,6258458001217,6258458075063,6258458420524,6258458503601,6258458750294,6258459963986,6258462343371,
0,6258473595742,6258473595742,9223372036854775807,0,6258473919448,6258473949524,6258474274294,6258474330601,6258474607755,6258474653601,6258474872448,6258475994294,6258478073986,
0,6258490062022,6258490062022,9223372036854775807,0,6258490334601,6258490364909,6258490713448,6258490778140,6258491105986,6258491162986,6258491374601,6258492457371,6258494386832,
0,6258506529277,6258506529277,9223372036854775807,0,6258506790217,6258506821524,6258507174524,6258507239140,6258507558524,6258507611448,6258507830217,6258508902217,6258510942832,
0,6258522994881,6258522994881,9223372036854775807,0,6258523256217,6258523286832,6258523647371,6258523713448,6258524015986,6258524070217,6258524281140,6258525361832,6258527275063,
0,6258539460826,6258539460826,9223372036854775807,0,6258539723448,6258539753986,6258540164601,6258540230063,6258540535294,6258540583601,6258540798986,6258541889909,6258543829524,
0,6258555925708,6258555925708,9223372036854775807,0,6258556299986,6258556331832,6258556879448,6258556958755,6258557290140,6258557380678,6258557624832,6258558802832,6258560974294,
0,6258572392085,6258572392085,9223372036854775807,0,6258572974524,6258573007140,6258573401448,6258573469063,6258574104524,6258574216063,6258574445371,6258575459986,6258577442063,
0,6258588857394,6258588857394,9223372036854775807,0,6258590232909,6258590267448,6258591459832,6258591533832,6258591853448,6258591904140,6258592131063,6258593263294,6258595199909,
0,6258605322203,6258605322203,9223372036854775807,0,6258605590832,6258605622524,6258605873909,6258605937063,6258606230986,6258606276986,6258606495601,6258607592832,6258609514986,
0,6258621789522,6258621789522,9223372036854775807,0,6258622054063,6258622084524,6258622404909,6258622471371,6258622795063,6258622843909,6258623069524,6258624157986,6258626097524,
0,6258638254437,6258638254437,9223372036854775807,0,6258638496448,6258638527217,6258638875986,6258638938448,6258639245063,6258639297678,6258639514755,6258640688448,6258642604832,
0,6258654720273,6258654720273,9223372036854775807,0,6258654982294,6258655013217,6258655269755,6258655334371,6258655626371,6258655669832,6258655889986,6258657019601,6258658947371,
0,6258671185591,6258671185591,9223372036854775807,0,6258671460986,6258671493524,6258671785601,6258671847524,6258672176063,6258672229832,6258672454524,6258673594986,6258675559217,
0,6258687650998,6258687650998,9223372036854775807,0,6258687929832,6258687961601,6258688221524,6258688282909,6258688587601,6258688634294,6258688860601,6258690183755,6258692194371,
0,6258704117449,6258704117449,9223372036854775807,0,6258704406678,6258704437524,6258704706909,6258704776063,6258705098601,6258705146524,6258705372909,6258706520678,6258708479371,
0,6258720582299,6258720582299,9223372036854775807,0,6258720844217,6258720875140,6258721116832,6258721181140,6258721486063,6258721530601,6258721760909,6258722906294,6258724856832,
0,6258737046364,6258737046364,9223372036854775807,0,6258737320371,6258737352448,6258737598524,6258737662601,6258737963601,6258738008448,6258738292986,6258739425063,6258741417294,
0,6258753510999,6258753510999,9223372036854775807,0,6258753781678,6258753812986,6258754059217,6258754166986,6258754463217,6258754509986,6258754728294,6258755888063,6258757824678,
0,6258769976788,6258769976788,9223372036854775807,0,6258770339448,6258770373063,6258770671371,6258770739294,6258771083294,6258771192371,6258771455063,6258772854217,6258775246294,
0,6258786443278,6258786443278,9223372036854775807,0,6258786722678,6258786754832,6258786996909,6258787064986,6258787378294,6258787424678,6258787650986,6258788802601,6258790802371,
0,6258802908463,6258802908463,9223372036854775807,0,6258803180448,6258803212371,6258803459832,6258803528601,6258803842524,6258803897755,6258804126678,6258805258448,6258807235832,
0,6258819374839,6258819374839,9223372036854775807,0,6258819644909,6258819676063,6258819922755,6258820075524,6258820386909,6258820446986,6258820666986,6258821794448,6258823772909,
0,6258835839811,6258835839811,9223372036854775807,0,6258836117371,6258836148755,6258836388601,6258836454294,6258836751909,6258836800524,6258837024294,6258838164601,6258840216217,
0,6259082814213,6259082814213,9223372036854775807,0,6259083055755,6259083085601,6259083087063,6259083147601,6259083626755,6259083666294,6259083882371,6259084918217,6259086931448,
0,6259099279618,6259099279618,9223372036854775807,0,6259099569986,6259099601063,6259099602525,6259099668448,6259100228755,6259100259986,6259100497063,6259101669601,6259103635832,
0,6259115744908,6259115744908,9223372036854775807,0,6259116006448,6259116038063,6259116039448,6259116103140,6259116630678,6259116662140,6259116884063,6259118144909,6259120180986,
0,6259132209599,6259132209599,9223372036854775807,0,6259132537448,6259132568986,6259132570140,6259132635601,6259133155678,6259133187678,6259133418909,6259134575371,6259136556986,
0,6259148674311,6259148674311,9223372036854775807,0,6259149008601,6259149040371,6259149041755,6259149107217,6259149649832,6259149681525,6259149907755,6259151100294,6259152997294,
0,6259165139195,6259165139195,9223372036854775807,0,6259165460678,6259165492371,6259165494063,6259165560448,6259166098140,6259166130986,6259166359678,6259167501217,6259169523986,
0,6259181603848,6259181603848,9223372036854775807,0,6259181945448,6259181978063,6259181979525,6259182046448,6259182590217,6259182621217,6259182841063,6259183996063,6259185985217,
0,6259198083689,6259198083689,9223372036854775807,0,6259198411371,6259198442525,6259198443909,6259198508755,6259199013909,6259199045140,6259199271217,6259200631678,6259202799755,
0,6259214550801,6259214550801,9223372036854775807,0,6259214818832,6259214850371,6259214851832,6259214918140,6259215423678,6259215454294,6259215690601,6259216941525,6259218904448,
0,6259231018135,6259231018135,9223372036854775807,0,6259231291986,6259231323140,6259231324601,6259231390294,6259231901755,6259231932448,6259232167986,6259233416986,6259235399448,
0,6259247484937,6259247484937,9223372036854775807,0,6259247758832,6259247790448,6259247791909,6259247858217,6259248373986,6259248406371,6259248628063,6259249896525,6259251893909,
0,6259263951015,6259263951015,9223372036854775807,0,6259264215140,6259264246217,6259264247601,6259264313909,6259264823140,6259264855294,6259265080371,6259266369601,6259268364217,
0,6259280416597,6259280416597,9223372036854775807,0,6259280704601,6259280736371,6259280737678,6259280804909,6259281316448,6259281348909,6259281577601,6259282841909,6259284816448,
0,6259296882889,6259296882889,9223372036854775807,0,6259297161294,6259297192063,6259297193525,6259297261525,6259297777063,6259297808525,6259298037140,6259299514140,6259301732525,
0,6259313348089,6259313348089,9223372036854775807,0,6259313618371,6259313651140,6259313652678,6259313717371,6259314232217,6259314262371,6259314483294,6259315723986,6259317883755,
0,6259329779759,6259329779759,9223372036854775807,0,6259332403371,6259332449140,6259332450755,6259332549063,6259333186294,6259333215832,6259333443909,6259334685371,6259336676755,
0,6259346245496,6259346245496,9223372036854775807,0,6259346562525,6259346595140,6259346596525,6259346665063,6259346894140,6259346952140,6259347209601,6259348512601,6259352891525,
