0,38845060382801,38845060382801,9223372036854775807,0,38845061141160,38845061177006,38845061424314,38845061484622,38845061655083,38845061697698,38845062143006,38845063941160,38845066832314,
0,38845077103551,38845077103551,9223372036854775807,0,38845077752545,38845077777622,38845077921006,38845077959160,38845078073698,38845078108391,38845078425391,38845079996160,38845082662006,
0,38845595502289,38845595502289,9223372036854775807,0,38845601715852,38845601729698,38845601737391,38845601778391,38845602563160,38845602605852,38845602791545,38845604250160,38845609067545,
2,38845610416198,38845610416198,0,0,38845610416198,38845610416198,38845610416198,38845610416198,38845614447160,38845614449391,38845614552775,38845615921160,38845618205775,
2,38845629015892,38845629015892,0,0,38845629015892,38845629015892,38845629015892,38845629015892,38845633044545,38845633046545,38845633156391,38845634595852,38845636876006,
2,38845645767468,38845645767468,0,0,38845645767468,38845645767468,38845645767468,38845645767468,38845649800545,38845649802545,38845649916160,38845651271391,38845653475622,
2,38845662519013,38845662519013,0,0,38845662519013,38845662519013,38845662519013,38845662519013,38845666551314,38845666552622,38845666658545,38845667984160,38845670385006,
2,38845679270379,38845679270379,0,0,38845679270379,38845679270379,38845679270379,38845679270379,38845683298545,38845683300083,38845683407929,38845684860468,38845687314929,
2,38845696022619,38845696022619,0,0,38845696022619,38845696022619,38845696022619,38845696022619,38845700063314,38845700065468,38845700176083,38845701579929,38845703888160,
2,38845712615472,38845712615472,0,0,38845712615472,38845712615472,38845712615472,38845712615472,38845716655545,38845716658006,38845716765237,38845718015699,38845720306622,
2,38845729335529,38845729335529,0,0,38845729335529,38845729335529,38845729335529,38845729335529,38845733375468,38845733377468,38845733484852,38845734802852,38845737759775,
2,38845746055723,38845746055723,0,0,38845746055723,38845746055723,38845746055723,38845746055723,38845750095545,38845750097314,38845750204160,38845751482391,38845753655006,
2,38845762775613,38845762775613,0,0,38845762775613,38845762775613,38845762775613,38845762775613,38845766854775,38845766856468,38845766963545,38845769008775,38845771308391,
2,38845779496275,38845779496275,0,0,38845779496275,38845779496275,38845779496275,38845779496275,38845783558852,38845783560314,38845783664699,38845784922699,38845785479391,
2,38845796215595,38845796215595,0,0,38845796215595,38845796215595,38845796215595,38845796215595,38845800261622,38845800264006,38845800503929,38845801868929,38845802411468,
2,38845812934873,38845812934873,0,0,38845812934873,38845812934873,38845812934873,38845812934873,38845816984391,38845816986160,38845817212699,38845818650160,38845820919929,
2,38845829654705,38845829654705,0,0,38845829654705,38845829654705,38845829654705,38845829654705,38845833701852,38845833703852,38845833930468,38845835679699,38845837805083,
0,38846231063924,38846231063924,9223372036854775807,0,38846235135699,38846235159083,38846235159699,38846236560006,38846238204314,38846240562160,38846241277775,38846245686391,38846246353852,
0,38846247789307,38846247789307,9223372036854775807,0,38846248332391,38846248335545,38846248534622,38846248576468,38846248728545,38846248767699,38846249088545,38846257951699,38846261353929,
0,38846264514442,38846264514442,9223372036854775807,0,38846265014929,38846265053699,38846265270160,38846265326699,38846265556775,38846265596160,38846266047622,38846272820314,38846276769083,
0,38846281239289,38846281239289,9223372036854775807,0,38846281886775,38846281928699,38846282179622,38846282245852,38846282470006,38846282514160,38846282952468,38846285199468,38846287940468,
0,38846297964338,38846297964338,9223372036854775807,0,38846298668314,38846298701160,38846298912237,38846298966468,38846299159699,38846299201775,38846299644160,38846303000160,38846306346929,
0,38846314687378,38846314687378,9223372036854775807,0,38846315450314,38846315482083,38846315684083,38846315741083,38846315939699,38846315987852,38846316452775,38846318339468,38846321045391,
0,38846331412879,38846331412879,9223372036854775807,0,38846332024314,38846332062237,38846332230929,38846332288237,38846332490699,38846332528929,38846332957622,38846334794852,38846337725391,
0,38846348138534,38846348138534,9223372036854775807,0,38846348772545,38846348802468,38846349110775,38846349164314,38846349353775,38846349420775,38846349867314,38846351827852,38846354529160,
0,38846364863504,38846364863504,9223372036854775807,0,38846365523545,38846365551468,38846365749391,38846365802314,38846365991929,38846366026237,38846366450622,38846368533468,38846370904237,
0,38846381586536,38846381586536,9223372036854775807,0,38846382314852,38846382357314,38846382610622,38846382673160,38846382888622,38846382934852,38846383348006,38846385544852,38846388405929,
0,38846398309389,38846398309389,9223372036854775807,0,38846399112391,38846399154545,38846399386468,38846399449468,38846399680468,38846399709237,38846400131852,38846403440622,38846406455929,
0,38846415033584,38846415033584,9223372036854775807,0,38846415642775,38846415682929,38846415876314,38846415935083,38846416158468,38846416195237,38846416617391,38846418588775,38846421765160,
0,38846431758060,38846431758060,9223372036854775807,0,38846432410391,38846432441314,38846432628545,38846432683852,38846432884160,38846432920622,38846433374622,38846435299160,38846438318314,
0,38846448482843,38846448482843,9223372036854775807,0,38846449144006,38846449170699,38846449337083,38846449379160,38846449503699,38846449569622,38846449760006,38846451721775,38846454567929,
0,38846465206369,38846465206369,9223372036854775807,0,38846465937237,38846465961237,38846466081852,38846466123929,38846466260468,38846466289545,38846466629237,38846468830775,38846471852929,
0,38846481929958,38846481929958,9223372036854775807,0,38846482589545,38846482609468,38846482736391,38846482774237,38846482904314,38846482937545,38846483362006,38846485252314,38846488124622,
0,38846498654311,38846498654311,9223372036854775807,0,38846499346391,38846499363852,38846499460622,38846499487852,38846499578391,38846499610775,38846500092699,38846502098775,38846505906699,
0,38846515378611,38846515378611,9223372036854775807,0,38846516020237,38846516043314,38846516178083,38846516219237,38846516370160,38846516404391,38846516855237,38846518802545,38846521885237,
0,38846532103680,38846532103680,9223372036854775807,0,38846532717622,38846532730929,38846532827622,38846532848852,38846532922314,38846532958852,38846533400237,38846535380852,38846538273391,
0,38846548826967,38846548826967,9223372036854775807,0,38846549495006,38846549522083,38846549653314,38846549679314,38846549764545,38846549800006,38846550241775,38846552231775,38846555196852,
0,38846565551677,38846565551677,9223372036854775807,0,38846566146006,38846566179699,38846566300083,38846566320699,38846566398852,38846566447622,38846566876083,38846569146468,38846572237160,
0,38846582273823,38846582273823,9223372036854775807,0,38846583156314,38846583186699,38846583347391,38846583392929,38846583560468,38846583625699,38846584112237,38846586442622,38846589806545,
0,38846598998274,38846598998274,9223372036854775807,0,38846599674391,38846599722237,38846600060160,38846600147006,38846600517160,38846600595314,38846601319775,38846603057391,38846604140929,
0,38846615722604,38846615722604,9223372036854775807,0,38846616425314,38846616466468,38846616696391,38846616760160,38846616952160,38846616990083,38846617437775,38846619394083,38846622331775,
0,38846632446644,38846632446644,9223372036854775807,0,38846633080006,38846633091699,38846633187314,38846633208314,38846633257775,38846633295237,38846633718468,38846635497160,38846638316775,
0,38847134196400,38847134196400,9223372036854775807,0,38847135685314,38847135697852,38847135706083,38847135750083,38847136483545,38847136519699,38847136704237,38847138018391,38847140405314,
2,38847150922055,38847150922055,0,0,38847150922055,38847150922055,38847150922055,38847150922055,38847154958468,38847154960545,38847155069699,38847156574852,38847158989545,
2,38847167621275,38847167621275,0,0,38847167621275,38847167621275,38847167621275,38847167621275,38847171657006,38847171659006,38847171763160,38847173048391,38847175255468,
2,38847184374957,38847184374957,0,0,38847184374957,38847184374957,38847184374957,38847184374957,38847188401083,38847188403083,38847188513929,38847189855391,38847192063776,
2,38847201128607,38847201128607,0,0,38847201128607,38847201128607,38847201128607,38847201128607,38847205176929,38847205179083,38847205299929,38847206602083,38847209238622,
2,38847217882391,38847217882391,0,0,38847217882391,38847217882391,38847217882391,38847217882391,38847221910852,38847221913006,38847222026391,38847223384699,38847225772391,
2,38847234636027,38847234636027,0,0,38847234636027,38847234636027,38847234636027,38847234636027,38847238658852,38847238661083,38847238771391,38847240214622,38847242407391,
2,38847251207728,38847251207728,0,0,38847251207728,38847251207728,38847251207728,38847251207728,38847255241468,38847255243468,38847255350929,38847256781852,38847259820314,
2,38847267924844,38847267924844,0,0,38847267924844,38847267924844,38847267924844,38847267924844,38847271959622,38847271961622,38847272102314,38847273490699,38847275893160,
2,38847284641889,38847284641889,0,0,38847284641889,38847284641889,38847284641889,38847284641889,38847288680391,38847288682314,38847288792468,38847290197391,38847292466083,
2,38847301358168,38847301358168,0,0,38847301358168,38847301358168,38847301358168,38847301358168,38847305388237,38847305389776,38847305494237,38847306997545,38847307533545,
2,38847318074476,38847318074476,0,0,38847318074476,38847318074476,38847318074476,38847318074476,38847322136160,38847322138852,38847322373160,38847323698852,38847324236006,
2,38847334791578,38847334791578,0,0,38847334791578,38847334791578,38847334791578,38847334791578,38847338837160,38847338839468,38847339067776,38847340923545,38847341739160,
2,38847351508812,38847351508812,0,0,38847351508812,38847351508812,38847351508812,38847351508812,38847355575929,38847355578160,38847355815776,38847357442006,38847358436006,
0,38847736001561,38847736001561,9223372036854775807,0,38847738070006,38847738098237,38847738098776,38847739527622,38847741068699,38847743345314,38847744094929,38847747942391,38847748702545,
0,38847752718376,38847752718376,9223372036854775807,0,38847753478083,38847753483083,38847753761545,38847753839699,38847754165006,38847754209545,38847754632622,38847766756468,38847768514776,
0,38847769434886,38847769434886,9223372036854775807,0,38847769989083,38847770040006,38847770384929,38847770476314,38847770805006,38847770868545,38847771303391,38847778055929,38847781119237,
0,38847786152058,38847786152058,9223372036854775807,0,38847786809237,38847786848006,38847787105006,38847787168468,38847787388852,38847787454006,38847787912699,38847791086006,38847794415314,
0,38847802868399,38847802868399,9223372036854775807,0,38847803746391,38847803782314,38847804056545,38847804119391,38847804416160,38847804461622,38847804990545,38847807590237,38847810344006,
0,38847819584163,38847819584163,9223372036854775807,0,38847820368468,38847820405083,38847820595391,38847820656776,38847820860006,38847820899391,38847821368622,38847823132237,38847826001852,
0,38847836301241,38847836301241,9223372036854775807,0,38847836930929,38847836968929,38847837174160,38847837236776,38847837460776,38847837498083,38847837934622,38847839641545,38847842183160,
0,38847853018429,38847853018429,9223372036854775807,0,38847853569699,38847853611622,38847853832160,38847853897776,38847854120006,38847854156468,38847854573237,38847856396622,38847858999852,
0,38847869735023,38847869735023,9223372036854775807,0,38847870358314,38847870397852,38847870638622,38847870704083,38847870918468,38847870957852,38847871378160,38847872820083,38847875484391,
0,38847886449336,38847886449336,9223372036854775807,0,38847887268545,38847887313852,38847887561160,38847887623776,38847887848468,38847887887929,38847888338545,38847889944929,38847892715237,
0,38847903163905,38847903163905,9223372036854775807,0,38847903883160,38847903918237,38847904113468,38847904170699,38847904363237,38847904400314,38847904842314,38847906674314,38847909609699,
0,38847919880518,38847919880518,9223372036854775807,0,38847920440314,38847920490545,38847920734852,38847920794314,38847921002776,38847921037006,38847921486314,38847923612160,38847926782006,
0,38847936596689,38847936596689,9223372036854775807,0,38847937279622,38847937315006,38847937497852,38847937549929,38847937726699,38847937763314,38847938223776,38847940398622,38847942861391,
0,38847953312719,38847953312719,9223372036854775807,0,38847953891929,38847953941314,38847954209391,38847954272237,38847954494391,38847954538237,38847954719545,38847956465083,38847958923545,
0,38847970029556,38847970029556,9223372036854775807,0,38847970577622,38847970628160,38847970884237,38847970946468,38847971165929,38847971204006,38847971651852,38847973695776,38847976565468,
0,38847986746264,38847986746264,9223372036854775807,0,38847987311468,38847987387237,38847987579083,38847987637083,38847987828160,38847987867468,38847988365237,38847990241699,38847993928699,
0,38848003462965,38848003462965,9223372036854775807,0,38848004078160,38848004141776,38848004249391,38848004277160,38848004361699,38848004399545,38848004835391,38848006810929,38848009772852,
0,38848020179575,38848020179575,9223372036854775807,0,38848020761699,38848020796699,38848020979852,38848021033468,38848021230391,38848021262468,38848021722468,38848023663006,38848026734545,
0,38848036896412,38848036896412,9223372036854775807,0,38848037564622,38848037579699,38848037677852,38848037700237,38848037772776,38848037818852,38848038269468,38848040240391,38848043123237,
0,38848053611264,38848053611264,9223372036854775807,0,38848054304852,38848054339006,38848054531160,38848054585160,38848054780160,38848054814391,38848055254083,38848057397622,38848060664083,
0,38848070327329,38848070327329,9223372036854775807,0,38848070859083,38848070876006,38848070982314,38848071007776,38848071080699,38848071116314,38848071527852,38848074057314,38848076977237,
0,38848087042961,38848087042961,9223372036854775807,0,38848087744237,38848087763006,38848087903929,38848087939314,38848088071391,38848088112237,38848088553545,38848090508622,38848093496160,
0,38848103758703,38848103758703,9223372036854775807,0,38848104588545,38848104633160,38848104879699,38848104943160,38848105147160,38848105188852,38848105662468,38848107422776,38848108496006,
0,38848120473148,38848120473148,9223372036854775807,0,38848121274391,38848121312699,38848121539391,38848121604314,38848121782391,38848121821852,38848122266083,38848124413699,38848127481545,
0,38848137189899,38848137189899,9223372036854775807,0,38848137791468,38848137799545,38848137879468,38848137895622,38848137939776,38848137971622,38848138409776,38848140444237,38848143507852,
0,38848638690760,38848638690760,9223372036854775807,0,38848644415237,38848644429237,38848644436622,38848644479237,38848645170160,38848645220853,38848645635622,38848646963314,38848649441237,
2,38848655408683,38848655408683,0,0,38848655408683,38848655408683,38848655408683,38848655408683,38848659458776,38848659462160,38848659713391,38848661982699,38848664800083,
2,38848672530900,38848672530900,0,0,38848672530900,38848672530900,38848672530900,38848672530900,38848676556160,38848676558391,38848676672314,38848678662314,38848681359468,
2,38848689283829,38848689283829,0,0,38848689283829,38848689283829,38848689283829,38848689283829,38848693312545,38848693314545,38848693427545,38848694694776,38848697555160,
2,38848706035470,38848706035470,0,0,38848706035470,38848706035470,38848706035470,38848706035470,38848710070929,38848710072853,38848710182853,38848711499699,38848713970083,
2,38848722787690,38848722787690,0,0,38848722787690,38848722787690,38848722787690,38848722787690,38848726867006,38848726869160,38848726975468,38848728730545,38848730896083,
2,38848739539848,38848739539848,0,0,38848739539848,38848739539848,38848739539848,38848739539848,38848743596160,38848743598083,38848743709929,38848745742776,38848748564929,
2,38848756114669,38848756114669,0,0,38848756114669,38848756114669,38848756114669,38848756114669,38848760207699,38848760209622,38848760324391,38848761582314,38848763954622,
2,38848772832922,38848772832922,0,0,38848772832922,38848772832922,38848772832922,38848772832922,38848776937545,38848776939622,38848777056006,38848778820083,38848781133699,
2,38848789548821,38848789548821,0,0,38848789548821,38848789548821,38848789548821,38848789548821,38848793662853,38848793665314,38848793903929,38848796270853,38848798739160,
2,38848806267256,38848806267256,0,0,38848806267256,38848806267256,38848806267256,38848806267256,38848810301160,38848810302853,38848810410314,38848811651006,38848813907545,
2,38848822983310,38848822983310,0,0,38848822983310,38848822983310,38848822983310,38848822983310,38848827029160,38848827031160,38848827269468,38848829473545,38848830407853,
2,38848839701334,38848839701334,0,0,38848839701334,38848839701334,38848839701334,38848839701334,38848843772545,38848843774622,38848844044853,38848845874776,38848846647853,
2,38848856419034,38848856419034,0,0,38848856419034,38848856419034,38848856419034,38848856419034,38848860491006,38848860493545,38848860724314,38848862551237,38848865130314,
2,38848873137505,38848873137505,0,0,38848873137505,38848873137505,38848873137505,38848873137505,38848877204622,38848877206314,38848877437699,38848879534468,38848880364006,
0,38849207508865,38849207508865,9223372036854775807,0,38849214373853,38849214400237,38849214456929,38849216678314,38849218543083,38849220729237,38849220866929,38849221851929,38849224096083,
0,38849240944347,38849240944347,9223372036854775807,0,38849241269006,38849241291776,38849241373083,38849242051853,38849242874314,38849242915314,38849243149237,38849248228699,38849250710314,
0,38849257662719,38849257662719,9223372036854775807,0,38849258239853,38849258244391,38849258482853,38849258551776,38849258780699,38849258820545,38849259299391,38849263512853,38849266593853,
0,38849274380436,38849274380436,9223372036854775807,0,38849275110853,38849275153853,38849275419237,38849275483622,38849275715314,38849275750160,38849276242083,38849279216853,38849282299545,
0,38849291096719,38849291096719,9223372036854775807,0,38849292111699,38849292159699,38849292519699,38849292605391,38849292946160,38849293009853,38849293425237,38849296268314,38849299479699,
0,38849307812542,38849307812542,9223372036854775807,0,38849308542006,38849308585391,38849308993776,38849309057622,38849309298006,38849309340929,38849309816929,38849312229853,38849316240622,
0,38849324530532,38849324530532,9223372036854775807,0,38849325168699,38849325198853,38849325343160,38849325384237,38849325504083,38849325541853,38849326004622,38849327766929,38849330575622,
0,38849341247064,38849341247064,9223372036854775807,0,38849342065006,38849342102699,38849342323391,38849342379545,38849342686237,38849342722006,38849343192468,38849345089929,38849347721776,
0,38849357963908,38849357963908,9223372036854775807,0,38849358679929,38849358700083,38849358796699,38849358823622,38849358897622,38849358936160,38849359392160,38849361314929,38849364350468,
0,38849374681028,38849374681028,9223372036854775807,0,38849375317699,38849375328468,38849375407545,38849375425929,38849375492545,38849375520776,38849375932853,38849377814776,38849380485853,
0,38849391399094,38849391399094,9223372036854775807,0,38849391993853,38849392036006,38849392158622,38849392202237,38849392366853,38849392399853,38849392867545,38849394857160,38849397599083,
0,38849408117787,38849408117787,9223372036854775807,0,38849408628314,38849408669699,38849409011160,38849409149314,38849409375545,38849409413006,38849409870006,38849412057083,38849415875776,
0,38849424835908,38849424835908,9223372036854775807,0,38849425475314,38849425518391,38849425751083,38849425814468,38849426121776,38849426153545,38849426596545,38849428379391,38849431256622,
0,38849441552720,38849441552720,9223372036854775807,0,38849442248160,38849442269776,38849442400699,38849442434391,38849442525929,38849442586237,38849443026545,38849445172314,38849448057237,
0,38849458269919,38849458269919,9223372036854775807,0,38849459065006,38849459097314,38849459320468,38849459379160,38849459587622,38849459621391,38849460146545,38849462074314,38849464909160,
0,38849474985708,38849474985708,9223372036854775807,0,38849475716622,38849475748160,38849475904314,38849475938006,38849476053006,38849476118391,38849476591083,38849478396853,38849481330776,
0,38849491702987,38849491702987,9223372036854775807,0,38849492421468,38849492449622,38849492582160,38849492625468,38849492778237,38849492814545,38849493253468,38849495064468,38849497917776,
0,38849508421179,38849508421179,9223372036854775807,0,38849509057545,38849509132160,38849509360929,38849509414776,38849509626468,38849509657237,38849510073391,38849511764468,38849514477622,
0,38849525137774,38849525137774,9223372036854775807,0,38849525793853,38849525818853,38849525967160,38849526011314,38849526185006,38849526222930,38849526631853,38849529969237,38849532908853,
0,38849541854990,38849541854990,9223372036854775807,0,38849542512083,38849542542699,38849542716622,38849542768160,38849542965237,38849542998468,38849543423314,38849545595006,38849548677853,
0,38849558573026,38849558573026,9223372036854775807,0,38849559271468,38849559312853,38849559531853,38849559594006,38849559838083,38849559878853,38849560416699,38849562056160,38849563225930,
0,38849575291374,38849575291374,9223372036854775807,0,38849575897776,38849575941930,38849576193853,38849576262314,38849576441930,38849576472468,38849576916083,38849578845776,38849582260622,
0,38849592009684,38849592009684,9223372036854775807,0,38849592555622,38849592572699,38849592696622,38849592727083,38849592830006,38849592860237,38849593301699,38849595083622,38849597976237,
0,38849608728122,38849608728122,9223372036854775807,0,38849609343853,38849609377006,38849609654237,38849609712699,38849609898237,38849609938853,38849610393468,38849612416545,38849615429391,
