0,6447443036201,6447443036201,9223372036854775807,0,6447443302382,6447443336997,6447444059074,6447444129305,6447445510382,6447445664766,6447446132690,6447447368690,6447449106920,
0,6447459501542,6447459501542,9223372036854775807,0,6447459815766,6447459851305,6447460593459,6447460664843,6447461202766,6447461255536,6447461390843,6447462134843,6447463934305,
0,6447475966732,6447475966732,9223372036854775807,0,6447476286766,6447476324151,6447476325382,6447476396690,6447476691613,6447476744228,6447476890536,6447477376920,6447479206843,
0,6450703146177,6450703146177,9223372036854775807,0,6450703497921,6450703533382,6450703690921,6450703775767,6450706222305,6450706288382,6450706412228,6450707442997,6450711245613,
0,6450719611704,6450719611704,9223372036854775807,0,6450720264844,6450720312767,6450720542382,6450720637536,6450721090536,6450721238690,6450721383997,6450722420382,6450726371690,
0,6450736078234,6450736078234,9223372036854775807,0,6450737092690,6450737149690,6450737378151,6450737485151,6450738086459,6450738175690,6450738330613,6450739291074,6450741580074,
0,6450752543559,6450752543559,9223372036854775807,0,6450752979767,6450753025074,6450757000844,6450760289382,6450761884536,6450761955305,6450762098767,6450763107459,6450765712536,
0,6450769005945,6450769005945,9223372036854775807,0,6450771303536,6450771382613,6450771727613,6450772218844,6450772761997,6450772849382,6450773134459,6450774284997,6450779671997,
0,6450785471878,6450785471878,9223372036854775807,0,6450795859921,6450795894305,6450796609459,6450796690536,6450797203536,6450797254228,6450797393690,6450798128690,6450800165382,
0,6450801937024,6450801937024,9223372036854775807,0,6450802356536,6450802389536,6450803386151,6450803638536,6450804402844,6450804505305,6450804744997,6450805739536,6450807624844,
0,6450818400843,6450818400843,9223372036854775807,0,6450818782844,6450818821305,6450819696382,6450819773074,6450820621074,6450820673305,6450820843305,6450821700305,6450823700767,
0,6450834865803,6450834865803,9223372036854775807,0,6450835258151,6450835301613,6450836504690,6450836584305,6450837527228,6450837588921,6450837776459,6450838541382,6450840577305,
0,6450851331177,6450851331177,9223372036854775807,0,6450851702844,6450851742767,6450852794151,6450852872305,6450853725844,6450853783459,6450853958228,6450854707613,6450856696844,
0,6450867797161,6450867797161,9223372036854775807,0,6450868546074,6450868581997,6450869533613,6450869779382,6450870712074,6450870767228,6450870935767,6450871681613,6450873602074,
0,6450884262863,6450884262863,9223372036854775807,0,6450885110151,6450885152459,6450886278151,6450886355690,6450887142305,6450887204690,6450887367690,6450888152074,6450890207151,
0,6450900726858,6450900726858,9223372036854775807,0,6450901114921,6450901155459,6450902154074,6450902341844,6450903242305,6450903304997,6450903471228,6450904301382,6450906286613,
0,6450917192182,6450917192182,9223372036854775807,0,6450917586536,6450917625382,6450918677613,6450918832997,6450919754767,6450919813613,6450920057690,6450920857151,6450922807690,
0,6450933657852,6450933657852,9223372036854775807,0,6450934483459,6450934517997,6450935454613,6450935530151,6450936423151,6450936485305,6450936677536,6450937445997,6450939476228,
0,6450950122882,6450950122882,9223372036854775807,0,6450950543767,6450950583690,6450951625921,6450951705459,6450952767459,6450952834305,6450953019844,6450953814382,6450955836536,
0,6450966587198,6450966587198,9223372036854775807,0,6450966971767,6450967009459,6450967952459,6450968031767,6450968835613,6450968915997,6450969101151,6450969958305,6450972223844,
0,6450983053866,6450983053866,9223372036854775807,0,6450983545767,6450983586997,6450986609228,6450986698382,6450987398536,6450987467997,6450987623074,6450988338997,6450990833305,
0,6450999518811,6450999518811,9223372036854775807,0,6451000079382,6451000123690,6451001193228,6451001283997,6451002768613,6451002850382,6451003024151,6451003748459,6451005812690,
0,6451015982637,6451015982637,9223372036854775807,0,6451016432690,6451016473074,6451016766690,6451016853074,6451017181767,6451017303459,6451017440921,6451017995690,6451020866767,
0,6460137513208,6460137513208,9223372036854775807,0,6460139571998,6460139617229,6460139619306,6460144984383,6460146355690,6460146443306,6460146658075,6460148192690,6460165560229,
0,6461141890601,6461141890601,9223372036854775807,0,6461142315460,6461142355537,6461142357229,6461144183921,6461144656537,6461144851921,6461145419690,6461146760998,6461152649460,
0,6463134246673,6463134246673,9223372036854775807,0,6463134683537,6463134722921,6463134724614,6463135885306,6463136303614,6463136483537,6463136694383,6463137919152,6463143684537,
0,6464138559573,6464138559573,9223372036854775807,0,6464138970614,6464139006921,6464139008691,6464141474921,6464141920767,6464142035921,6464142218075,6464143430537,6464148503152,
0,6465142951957,6465142951957,9223372036854775807,0,6465143370306,6465143408614,6465143410460,6465144525306,6465144935152,6465145117921,6465145329921,6465146532691,6465152150921,
0,6467135219620,6467135219620,9223372036854775807,0,6467135512460,6467135550691,6467135551845,6467136792998,6467137165306,6467137227691,6467137365998,6467138416383,6467141170845,
0,6467596242397,6467596242397,9223372036854775807,0,6467596653691,6467596694691,6467597837691,6467597944614,6467598414922,6467598493922,6467598668229,6467599795614,6467602149075,
0,6467612706747,6467612706747,9223372036854775807,0,6467613156845,6467613158383,6467615601998,6467615697075,6467616244537,6467616292922,6467616419845,6467617222614,6467619674229,
0,6467629172827,6467629172827,9223372036854775807,0,6467629682383,6467629776537,6467631520460,6467631696460,6467633184768,6467633255383,6467633438691,6467634308537,6467636001537,
0,6467645638529,6467645638529,9223372036854775807,0,6467646591306,6467646620998,6467647337691,6467647404460,6467647953768,6467648004998,6467648151614,6467648939614,6467650943460,
0,6467662101653,6467662101653,9223372036854775807,0,6467662393229,6467662427922,6467663281845,6467663369460,6467664174229,6467664260691,6467664493460,6467666120306,6467669526306,
0,6467678565626,6467678565626,9223372036854775807,0,6467678834922,6467678865075,6467679557075,6467679621691,6467680309845,6467680360998,6467680507768,6467681229691,6467683000998,
0,6467695031448,6467695031448,9223372036854775807,0,6467695340152,6467695380075,6467696197998,6467696296691,6467696998383,6467697059691,6467697224075,6467697963152,6467699799691,
0,6467711500656,6467711500656,9223372036854775807,0,6467711789768,6467711825768,6467712647845,6467712720537,6467713324460,6467713380614,6467713524075,6467714289537,6467716128229,
0,6467727964672,6467727964672,9223372036854775807,0,6467728289768,6467728328998,6467729190229,6467729295922,6467729987383,6467730107998,6467730287152,6467731009229,6467732908768,
0,6467744431442,6467744431442,9223372036854775807,0,6467744727845,6467744764998,6467745544998,6467745619383,6467746279383,6467746358152,6467746599998,6467747512691,6467749388152,
0,6467760897014,6467760897014,9223372036854775807,0,6467761212075,6467761249460,6467762117691,6467762199691,6467763012845,6467763077768,6467763240998,6467764130383,6467766092845,
0,6467777363556,6467777363556,9223372036854775807,0,6467777650152,6467777684306,6467778633075,6467778711075,6467780791845,6467780963922,6467781295383,6467782091152,6467783760460,
0,6467793829914,6467793829914,9223372036854775807,0,6467794124691,6467794159229,6467794908383,6467794979998,6467795629460,6467795685845,6467795847460,6467796564229,6467798307998,
0,6467810295104,6467810295104,9223372036854775807,0,6467810594383,6467810628998,6467811483306,6467811552537,6467812196460,6467812266460,6467812422614,6467813126922,6467814862306,
0,6467826760737,6467826760737,9223372036854775807,0,6467827061152,6467827096075,6467827097229,6467827158306,6467827379691,6467827449614,6467827599075,6467828185845,6467830298460,
0,6468139604174,6468139604174,9223372036854775807,0,6468140233614,6468140271306,6468140273383,6468141592075,6468142036383,6468142156306,6468142358691,6468143541691,6468149792768,
0,6471037479737,6471037479737,9223372036854775807,0,6471037872229,6471037905537,6471038106691,6471038183614,6471038487922,6471038526537,6471038694153,6471039731999,6471042799845,
0,6471053938440,6471053938440,9223372036854775807,0,6471055594845,6471055720922,6471057073691,6471057359691,6471058373922,6471058441153,6471058636922,6471060197691,6471062685076,
0,6471070406567,6471070406567,9223372036854775807,0,6471071093845,6471071147691,6471071382153,6471071475845,6471072015383,6471072078537,6471072212229,6471073076999,6471075421999,
0,6471086866720,6471086866720,9223372036854775807,0,6471087607229,6471087642153,6471089073537,6471089226614,6471089964306,6471090523691,6471090732153,6471091712999,6471093430306,
0,6471103331719,6471103331719,9223372036854775807,0,6471103895845,6471103946460,6471104219229,6471104553460,6471104988076,6471105181691,6471105352153,6471106301537,6471109871845,
0,6471119800222,6471119800222,9223372036854775807,0,6471125084999,6471125120229,6471125778229,6471125855153,6471126370922,6471126415768,6471126553999,6471127482614,6471129594153,
0,6471136265119,6471136265119,9223372036854775807,0,6471136760537,6471136795537,6471138138845,6471138221076,6471139525537,6471139587845,6471139726306,6471140690614,6471143212383,
0,6471152733441,6471152733441,9223372036854775807,0,6471153171922,6471153213691,6471154189768,6471154271999,6471155143306,6471155215691,6471155425922,6471156396922,6471158327383,
0,6471169198860,6471169198860,9223372036854775807,0,6471169626229,6471169665845,6471170747537,6471170947229,6471171859537,6471171920768,6471172088460,6471172841768,6471174800537,
0,6471185663413,6471185663413,9223372036854775807,0,6471186044460,6471186083614,6471187136306,6471187233999,6471188130229,6471188198076,6471188415845,6471189358076,6471191311614,
0,6471202129309,6471202129309,9223372036854775807,0,6471202543691,6471202587076,6471203707153,6471203785076,6471204673537,6471204734922,6471204941768,6471206106460,6471208100460,
0,6471218594644,6471218594644,9223372036854775807,0,6471219016614,6471219057922,6471220566999,6471220717691,6471221598153,6471221647691,6471221816383,6471222547537,6471224453614,
0,6471235059751,6471235059751,9223372036854775807,0,6471235498460,6471235541922,6471236517383,6471236597460,6471237501306,6471237563383,6471237729153,6471238521076,6471240575999,
0,6471251524056,6471251524056,9223372036854775807,0,6471251954691,6471251997922,6471253070460,6471253384845,6471254419614,6471254486460,6471254685460,6471255468922,6471257438768,
0,6471267989865,6471267989865,9223372036854775807,0,6471268383999,6471268423229,6471269495383,6471269597999,6471270572306,6471270645076,6471270814922,6471271583999,6471273580229,
0,6471284454536,6471284454536,9223372036854775807,0,6471284901537,6471284944460,6471286022768,6471286104691,6471287123845,6471287198999,6471287375383,6471288174460,6471290266768,
0,6471300919581,6471300919581,9223372036854775807,0,6471301348845,6471301391383,6471302685383,6471302771306,6471303615460,6471303694999,6471303870460,6471304661383,6471306674614,
0,6471317384646,6471317384646,9223372036854775807,0,6471317795845,6471317834306,6471320141614,6471320272922,6471321008768,6471321075383,6471321225922,6471322123306,6471324862306,
0,6471333850216,6471333850216,9223372036854775807,0,6471335037153,6471335075999,6471336056922,6471336132153,6471337037383,6471337116537,6471337261229,6471337898153,6471340104460,
0,6471350314616,6471350314616,9223372036854775807,0,6471350764768,6471350808768,6471351204537,6471351378383,6471351681460,6471351747306,6471351878922,6471352411460,6471354776922,
0,6474153093672,6474153093672,9223372036854775807,0,6474153766537,6474153804922,6474153806614,6474155624383,6474156093460,6474156191614,6474156366845,6474157590460,6474160992153,
0,6475155726575,6475155726575,9223372036854775807,0,6475156143922,6475156179230,6475156180922,6475157220460,6475157613768,6475157788076,6475157990691,6475159175768,6475165401537,
0,6484143605287,6484143605287,9223372036854775807,0,6484144089999,6484144126153,6484144127999,6484145403923,6484145831307,6484145970307,6484146130307,6484147368230,6484152858384,
0,6487187226607,6487187226607,9223372036854775807,0,6487187617000,6487187654000,6487187655846,6487188950307,6487189399077,6487189576538,6487189799538,6487191113307,6487196407307,
0,6487979907349,6487979907349,9223372036854775807,0,6487980443692,6487980484307,6487981229692,6487981323846,6487981885000,6487981973154,6487982167769,6487983278461,6487985267000,
0,6487996374625,6487996374625,9223372036854775807,0,6487996802000,6487996804923,6487997985615,6487998059692,6487998553846,6487998641615,6487998832769,6487999706077,6488002059307,
0,6488012840571,6488012840571,9223372036854775807,0,6488013417615,6488013459846,6488014571077,6488014664846,6488015656769,6488015725538,6488015892538,6488016695230,6488020518307,
0,6488029307320,6488029307320,9223372036854775807,0,6488029648692,6488029680923,6488030658846,6488030727000,6488031258769,6488031312230,6488031443692,6488032073077,6488034274461,
0,6488045778368,6488045778368,9223372036854775807,0,6488046108230,6488046143692,6488047029154,6488047115538,6488047899692,6488047968615,6488048152692,6488050286154,6488053676538,
0,6488062240105,6488062240105,9223372036854775807,0,6488062585615,6488062621461,6488063559307,6488063634000,6488064379846,6488064447692,6488064609769,6488065392923,6488067298846,
0,6488078710584,6488078710584,9223372036854775807,0,6488078960307,6488078991384,6488079689154,6488079753461,6488080477923,6488080538077,6488080704000,6488081445923,6488083219154,
0,6488095178796,6488095178796,9223372036854775807,0,6488095475461,6488095513461,6488096430461,6488096500615,6488097079461,6488097141461,6488097301000,6488098068000,6488099897692,
0,6488111647046,6488111647046,9223372036854775807,0,6488111981230,6488112021538,6488112814461,6488112904384,6488113623307,6488113683769,6488113848000,6488114584000,6488116458230,
0,6488128112748,6488128112748,9223372036854775807,0,6488128395923,6488128432461,6488129281692,6488129350307,6488129903154,6488129956538,6488130187846,6488130981307,6488132827846,
0,6488144580598,6488144580598,9223372036854775807,0,6488144909461,6488144949538,6488145743384,6488145827077,6488146433307,6488146494154,6488146636923,6488147395846,6488149214384,
0,6488161046914,6488161046914,9223372036854775807,0,6488161350846,6488161388923,6488162309307,6488162398000,6488163182000,6488163252923,6488163427154,6488164298538,6488166335923,
0,6488177513354,6488177513354,9223372036854775807,0,6488177787230,6488177823000,6488178804769,6488179046846,6488180963307,6488181109615,6488181379384,6488182074923,6488183735769,
0,6488193978815,6488193978815,9223372036854775807,0,6488194298461,6488194333538,6488195010384,6488195087846,6488195721461,6488195778769,6488195929923,6488196672230,6488198684538,
0,6488210446127,6488210446127,9223372036854775807,0,6488210720692,6488210754154,6488210755461,6488211831923,6488212256461,6488212315846,6488212474692,6488213255846,6488215058846,
0,6491404722062,6491404722062,9223372036854775807,0,6491405286308,6491405329385,6491405495308,6491405574000,6491405900308,6491405982923,6491406199461,6491407755154,6491410346154,
0,6491421190541,6491421190541,9223372036854775807,0,6491421541154,6491421577615,6491421813692,6491421897538,6491422310154,6491422409385,6491422540615,6491423413385,6491425885538,
0,6491437652457,6491437652457,9223372036854775807,0,6491438104461,6491438149154,6491438355077,6491438434923,6491438751385,6491438828538,6491438978231,6491439974077,6491443525385,
0,6491454128235,6491454128235,9223372036854775807,0,6491454928385,6491454989538,6491455741231,6491455899308,6491456250308,6491456377615,6491456621077,6491457850923,6491461309385,
0,6491470581512,6491470581512,9223372036854775807,0,6491472098000,6491472177308,6491472561308,6491472715538,6491475022692,6491475518846,6491475743846,6491477002923,6491486792000,
0,6491487039178,6491503475732,9223372036854775807,0,6491511699231,6491511750308,6491511962538,6491512026231,6491512275461,6491512313692,6491512414692,6491513201308,6491515153538,
0,6491519984044,6491519984044,9223372036854775807,0,6491520767769,6491520796077,6491521757538,6491522054923,6491522647231,6491522718308,6491522917923,6491523837461,6491525865231,
0,6491536451445,6491536451445,9223372036854775807,0,6491536831154,6491536871077,6491537865846,6491538015077,6491538770538,6491538830461,6491538994154,6491539773846,6491541829000,
0,6491552917867,6491552917867,9223372036854775807,0,6491553295538,6491553336154,6491554357615,6491554430231,6491555304923,6491555370538,6491555572692,6491556437615,6491558405231,
0,6491569381770,6491569381770,9223372036854775807,0,6491569794154,6491569832231,6491571157231,6491571237461,6491572137923,6491572197846,6491572367538,6491573115769,6491575118231,
0,6491585847934,6491585847934,9223372036854775807,0,6491586571846,6491586606461,6491587530615,6491587610154,6491588516308,6491588574538,6491588741692,6491589477692,6491591489538,
0,6491602312851,6491602312851,9223372036854775807,0,6491603328846,6491603365231,6491604289846,6491604364769,6491605237308,6491605287461,6491605460154,6491606209231,6491608263615,
0,6491618778799,6491618778799,9223372036854775807,0,6491619611923,6491619647461,6491620664615,6491620738769,6491621558000,6491621610769,6491621775846,6491622534231,6491624491538,
0,6491635243738,6491635243738,9223372036854775807,0,6491635611385,6491635648231,6491636619461,6491636697846,6491637587923,6491637651923,6491637846769,6491638682461,6491640680154,
0,6491651709656,6491651709656,9223372036854775807,0,6491652118231,6491652158154,6491653117846,6491653197154,6491654093000,6491654154846,6491654376692,6491655250923,6491657247538,
0,6491668173630,6491668173630,9223372036854775807,0,6491668559308,6491668598538,6491670575461,6491670657000,6491671405308,6491671461231,6491671616846,6491672373846,6491674321538,
0,6491684638290,6491684638290,9223372036854775807,0,6491685010231,6491685046385,6491685989692,6491686062538,6491686961538,6491687024231,6491687221923,6491688081692,6491689968461,
0,6491701104591,6491701104591,9223372036854775807,0,6491701520154,6491701560692,6491702490923,6491702559154,6491703389154,6491703446077,6491703625461,6491704488923,6491707253692,
0,6491717569508,6491717569508,9223372036854775807,0,6491717996769,6491718037461,6491719189154,6491719266231,6491720152461,6491720248769,6491720443923,6491721423077,6491723451154,
0,6491734035548,6491734035548,9223372036854775807,0,6491735490154,6491735524846,6491737285538,6491737381692,6491738110231,6491738203923,6491738402769,6491739288846,6491741513538,
0,6491750500905,6491750500905,9223372036854775807,0,6491750942846,6491750980692,6491751454846,6491751538846,6491752156923,6491752254077,6491752397077,6491752978308,6491756148231,
0,6508429553551,6508429553551,9223372036854775807,0,6508429900386,6508429934539,6508430845386,6508431184539,6508431587693,6508431655386,6508431804155,6508432731770,6508435286232,
0,6508446018301,6508446018301,9223372036854775807,0,6508446449770,6508446453386,6508448955078,6508449027078,6508449566155,6508449629847,6508449761847,6508450539924,6508453388309,
0,6508462483344,6508462483344,9223372036854775807,0,6508463064155,6508463154539,6508464972386,6508465035001,6508465553309,6508465612616,6508465756462,6508466445001,6508468218462,
0,6508478951952,6508478951952,9223372036854775807,0,6508479245462,6508479264155,6508480115616,6508480199924,6508480947924,6508481046770,6508481242924,6508482516386,6508486442693,
0,6508495411436,6508495411436,9223372036854775807,0,6508498362386,6508498392232,6508499112770,6508499186232,6508499737770,6508499801693,6508499940462,6508500802309,6508503033616,
0,6508511881165,6508511881165,9223372036854775807,0,6508512151539,6508512182462,6508512851847,6508512922693,6508513557309,6508513607616,6508513752693,6508514455309,6508516149616,
0,6508528349041,6508528349041,9223372036854775807,0,6508528662078,6508528700462,6508529463616,6508529552693,6508530360539,6508530420386,6508530582616,6508531261155,6508533095155,
0,6508544816678,6508544816678,9223372036854775807,0,6508545086232,6508545122078,6508545851309,6508545924924,6508546528078,6508546601155,6508546765847,6508547528155,6508549301001,
0,6508561282978,6508561282978,9223372036854775807,0,6508561558616,6508561593847,6508562409539,6508562478616,6508563017770,6508563068616,6508563206462,6508563938539,6508565744232,
0,6508577747598,6508577747598,9223372036854775807,0,6508578097386,6508578141616,6508578903001,6508578990770,6508579663539,6508579722693,6508579881386,6508580680770,6508582456001,
0,6508594215806,6508594215806,9223372036854775807,0,6508594495770,6508594530539,6508595344924,6508595438616,6508596136462,6508596203847,6508596367232,6508597278693,6508599226462,
0,6508610685425,6508610685425,9223372036854775807,0,6508610978539,6508611015001,6508612004155,6508612261462,6508613951539,6508614042155,6508614358462,6508615022924,6508616678616,
0,6508627150224,6508627150224,9223372036854775807,0,6508627454309,6508627491078,6508628273001,6508628353847,6508628982924,6508629039155,6508629193155,6508629848309,6508631699539,
0,6508643617955,6508643617955,9223372036854775807,0,6508643885386,6508643918693,6508644603539,6508644671847,6508645181693,6508645236232,6508645375078,6508646123693,6508647888462,
0,6508660083799,6508660083799,9223372036854775807,0,6508660389386,6508660425539,6508660426539,6508660498309,6508660778847,6508660831770,6508660954309,6508661491539,6508663396386,
