0,312102942566365,312102942566365,9223372036854775807,0,312102942952679,312102942985602,312102943843602,312102944064525,312102945503602,312102945644063,312102946058140,312102947683063,312102949545063,
0,312102959276232,312102959276232,9223372036854775807,0,312102966365063,312102966418294,312102967293448,312102967379448,312102968052602,312102968127679,312102968325986,312102969393602,312102971210063,
0,312102975986345,312102975986345,9223372036854775807,0,312102976340525,312102976377909,312102977410063,312102977524525,312102978391833,312102978458371,312102978681602,312102979825986,312102981699294,
0,312102992687328,312102992687328,9223372036854775807,0,312102993667602,312102993701140,312102994582525,312102994677217,312102995431371,312102995493602,312102995699833,312102997104217,312102998799909,
0,312103009397342,312103009397342,9223372036854775807,0,312103009789602,312103009825525,312103010800909,312103010914140,312103011698448,312103011761448,312103011972140,312103013027909,312103014582679,
0,312103026107469,312103026107469,9223372036854775807,0,312103026493063,312103026530756,312103027524063,312103027645294,312103028494217,312103028560063,312103028770909,312103029758140,312103031502448,
0,312103042817723,312103042817723,9223372036854775807,0,312103043177525,312103043213525,312103044406140,312103044507063,312103045182063,312103045240909,312103045442063,312103046470217,312103048154371,
0,312103059527927,312103059527927,9223372036854775807,0,312103059904679,312103059942909,312103060942063,312103061051371,312103061921140,312103061992679,312103062240909,312103063339833,312103065310679,
0,312103076238127,312103076238127,9223372036854775807,0,312103076575909,312103076610448,312103077586371,312103077687448,312103078494986,312103078562756,312103078773140,312103079844217,312103081494756,
0,312103092948391,312103092948391,9223372036854775807,0,312103093329679,312103093367140,312103094413140,312103094521371,312103095325217,312103095393679,312103095612833,312103096683217,312103098330910,
0,312103109658528,312103109658528,9223372036854775807,0,312103110032756,312103110070140,312103110988294,312103111094294,312103111839833,312103111902986,312103112190910,312103113228371,312103114931525,
0,312103126368686,312103126368686,9223372036854775807,0,312103126733140,312103126768910,312103126770679,312103126868448,312103127173679,312103127240140,312103127400140,312103128141602,312103129744448,
0,312105783784261,312105783784261,9223372036854775807,0,312105784196217,312105784219910,312105785080833,312105785207987,312105785957294,312105786048525,312105786484602,312105789795140,312105791784140,
0,312105800491652,312105800491652,9223372036854775807,0,312105800848679,312105800878602,312105802480525,312105802596679,312105803516987,312105803590833,312105803847833,312105805220602,312105807301525,
0,312105817198584,312105817198584,9223372036854775807,0,312105817890679,312105817967910,312105819741371,312105819845756,312105820854294,312105820923833,312105821155756,312105822454140,312105825510217,
0,312105833904217,312105833904217,9223372036854775807,0,312105834412910,312105834450833,312105837272833,312105837795679,312105838963602,312105839033833,312105839319217,312105840709602,312105842880525,
0,312105850611280,312105850611280,9223372036854775807,0,312105851035756,312105851056140,312105852156140,312105852325910,312105853421448,312105853529756,312105853778833,312105855033525,312105857497294,
0,312105867318465,312105867318465,9223372036854775807,0,312105867717679,312105867750217,312105868816217,312105868914448,312105869775525,312105869844525,312105870092756,312105871243987,312105873048140,
0,312105884025837,312105884025837,9223372036854775807,0,312105884432679,312105884470602,312105886071525,312105886284525,312105887701602,312105887766525,312105888054371,312105889321987,312105891329064,
0,312105900733255,312105900733255,9223372036854775807,0,312105901565987,312105901599064,312105902624140,312105902739679,312105903770602,312105903828602,312105904119448,312105905321756,312105907040910,
0,312105917440620,312105917440620,9223372036854775807,0,312105918242140,312105918274987,312105919330525,312105919439140,312105920507679,312105920572140,312105920813064,312105922013217,312105923727217,
0,312105934147833,312105934147833,9223372036854775807,0,312105935049140,312105935084064,312105936213064,312105936329833,312105937390602,312105937448602,312105937669602,312105939147140,312105941098910,
0,312105950855092,312105950855092,9223372036854775807,0,312105951667602,312105951699064,312105952852525,312105952969679,312105953994448,312105954056448,312105954293217,312105955404910,312105957327371,
0,312105967562201,312105967562201,9223372036854775807,0,312105968341371,312105968376987,312105969523217,312105969668679,312105970946294,312105971065525,312105971351140,312105972637525,312105974724987,
0,312105984269435,312105984269435,9223372036854775807,0,312105984672987,312105984710525,312105985958756,312105986074679,312105987089910,312105987166525,312105987428294,312105988846525,312105990591064,
0,312106000976669,312106000976669,9223372036854775807,0,312106001699371,312106001731448,312106001892294,312106002008910,312106002562910,312106002630140,312106002816833,312106004202448,312106006201602,
0,312106017683957,312106017683957,9223372036854775807,0,312106018424217,312106018456525,312106018651294,312106018813371,312106019150602,312106019199064,312106019385756,312106020832833,312106022595217,
0,312106034391200,312106034391200,9223372036854775807,0,312106034780217,312106034814679,312106035002217,312106035201910,312106035403756,312106035505679,312106035653910,312106037085679,312106038925371,
0,312106685977517,312106685977517,9223372036854775807,0,312106686290448,312106686324217,312106686325448,312106688419833,312106688831756,312106688900140,312106689108064,312106690322679,312106692117064,
0,312107688409301,312107688409301,9223372036854775807,0,312107688968756,312107689020679,312107689022602,312107690524987,312107691510679,312107691651756,312107691974064,312107694167448,312107699328448,
0,312111665270125,312111665270125,9223372036854775807,0,312111666798372,312111666826602,312111666827987,312111670278833,312111671336602,312111671432756,312111672327679,312111674222448,312111677252910,
0,312112673839508,312112673839508,9223372036854775807,0,312112674165372,312112674168372,312112674519372,312112674598525,312112675454525,312112675532525,312112675685449,312112676605218,312112680735525,
0,312113669977305,312113669977305,9223372036854775807,0,312113670384449,312113670417833,312113670418987,312113671908449,312113672821526,312113672889987,312113673108141,312113674373833,312113677004602,
0,312114706201754,312114706201754,9223372036854775807,0,312114706616526,312114706653756,312114706654833,312114708494449,312114708867910,312114709017526,312114709207064,312114710570141,312114714251833,
0,312115675860415,312115675860415,9223372036854775807,0,312115676262218,312115676300372,312115676301603,312115678065526,312115679145526,312115679220987,312115679435910,312115680992910,312115683359756,
0,312117045945100,312117045945100,9223372036854775807,0,312117046326218,312117046362756,312117047080064,312117047193526,312117047873218,312117047955833,312117048248987,312117049866526,312117052231372,
0,312117062649890,312117062649890,9223372036854775807,0,312117063002449,312117063004449,312117063895680,312117063988756,312117064462680,312117064519910,312117064718910,312117065701833,312117067501064,
0,312117079354685,312117079354685,9223372036854775807,0,312117079776372,312117079809603,312117080691526,312117080800526,312117081532449,312117081614910,312117081849449,312117082756449,312117084480833,
0,312117096059272,312117096059272,9223372036854775807,0,312117096998449,312117097031064,312117097850295,312117097947987,312117098683372,312117098759680,312117098973372,312117099942449,312117101874141,
0,312117112764150,312117112764150,9223372036854775807,0,312117113105218,312117113135449,312117114041218,312117114144449,312117115651218,312117115792833,312117116089141,312117117697680,312117120463987,
0,312117129469083,312117129469083,9223372036854775807,0,312117129794987,312117129827756,312117130680910,312117130779833,312117131514372,312117131591756,312117131803833,312117132892449,312117134566987,
0,312117146174019,312117146174019,9223372036854775807,0,312117146577526,312117146616064,312117147671756,312117147780756,312117148607833,312117148683218,312117148896218,312117149991987,312117151717833,
0,312117162878949,312117162878949,9223372036854775807,0,312117163271526,312117163309526,312117164336295,312117164452987,312117165252680,312117165320526,312117165535218,312117166582680,312117168293756,
0,312117179583984,312117179583984,9223372036854775807,0,312117179966910,312117180025064,312117180998064,312117181122449,312117181941910,312117182009680,312117182227526,312117183197449,312117184912756,
0,312117196289039,312117196289039,9223372036854775807,0,312117196645526,312117196683141,312117197650680,312117197764987,312117198605449,312117198685680,312117198923218,312117200128141,312117201929987,
0,312117212994047,312117212994047,9223372036854775807,0,312117213336064,312117213370833,312117214321526,312117214423910,312117215231987,312117215299372,312117215509372,312117216958372,312117218627987,
0,312117229699187,312117229699187,9223372036854775807,0,312117230064833,312117230101603,312117231058680,312117231175603,312117231952218,312117232053449,312117232265526,312117233252372,312117234830064,
0,312117246404224,312117246404224,9223372036854775807,0,312117246757449,312117246792910,312117247668910,312117247771218,312117248597064,312117248656910,312117248871295,312117249894910,312117251458449,
0,312117263109257,312117263109257,9223372036854775807,0,312117263848064,312117263884603,312117263886526,312117263990449,312117264321295,312117264388295,312117264547526,312117265197218,312117266925756,
0,312119051488269,312119051488269,9223372036854775807,0,312119058394987,312119058427064,312119058427680,312119060400218,312119060779141,312119060907603,312119062781910,312119064496526,312119067699680,
0,312119886850200,312119886850200,9223372036854775807,0,312119887254218,312119887284757,312119887898526,312119888033603,312119888655603,312119888708603,312119888920064,312119890296911,312119892421526,
0,312119903563015,312119903563015,9223372036854775807,0,312119903977295,312119904073141,312119905728911,312119905849295,312119906904141,312119906995064,312119907289064,312119909864834,312119911443064,
0,312119920276039,312119920276039,9223372036854775807,0,312119920617218,312119920642911,312119921636757,312119921746603,312119922705911,312119922783295,312119923042449,312119924496141,312119927713372,
0,312119936988936,312119936988936,9223372036854775807,0,312119938580911,312119938657911,312119940929218,312119941059295,312119942310449,312119942400449,312119942691064,312119944313911,312119947175987,
0,312119953699792,312119953699792,9223372036854775807,0,312119954221911,312119954251449,312119955271680,312119955734372,312119956806064,312119957376064,312119957900757,312119959097680,312119960828911,
0,312119970412534,312119970412534,9223372036854775807,0,312119970904372,312119970930603,312119972120526,312119972249834,312119973265449,312119973329757,312119973593526,312119974932987,312119976928372,
0,312119987125316,312119987125316,9223372036854775807,0,312119987524834,312119987561680,312119988645064,312119988751526,312119989717218,312119989784987,312119990012449,312119991177834,312119992938911,
0,312120003838038,312120003838038,9223372036854775807,0,312120004299218,312120004338141,312120005369603,312120005477911,312120006447064,312120006511987,312120006739680,312120007890911,312120009621757,
0,312120020550329,312120020550329,9223372036854775807,0,312120020988449,312120021027911,312120022063757,312120022179449,312120023162064,312120023231680,312120023474987,312120024749603,312120026455449,
0,312120037263378,312120037263378,9223372036854775807,0,312120037818680,312120037859218,312120038979372,312120039097757,312120040380911,312120040460987,312120040711757,312120041979680,312120043842064,
0,312120053975652,312120053975652,9223372036854775807,0,312120054436834,312120054473295,312120055492911,312120055615757,312120056609757,312120056680526,312120056901295,312120058032680,312120059697987,
0,312120070688600,312120070688600,9223372036854775807,0,312120071084141,312120071122372,312120072184911,312120072295295,312120073239526,312120073315295,312120073533834,312120074824449,312120076723757,
0,312120087401079,312120087401079,9223372036854775807,0,312120087823603,312120087861757,312120088967834,312120089079218,312120090108218,312120090190295,312120090429757,312120091682218,312120093512603,
0,312120104114073,312120104114073,9223372036854775807,0,312120104491449,312120104527372,312120104717064,312120104831987,312120105426834,312120105480603,312120105671757,312120106855987,312120108598834,
0,312120120827155,312120120827155,9223372036854775807,0,312120121204987,312120121240218,312120121426449,312120121535757,312120123335987,312120123384449,312120123561987,312120125007218,312120126791526,
0,312120137540135,312120137540135,9223372036854775807,0,312120137931911,312120137970911,312120138162911,312120138275295,312120138586680,312120138631603,312120138788680,312120140288064,312120141962141,
0,312120154253025,312120154253025,9223372036854775807,0,312120154678680,312120154714372,312120154894680,312120155138834,312120155356834,312120155430680,312120155595141,312120157182526,312120159009603,
0,312125067161848,312125067161848,9223372036854775807,0,312125067607372,312125067653142,312125067653988,312125070118065,312125070522065,312125070671834,312125070880372,312125072958449,312125080916757,
0,312128710002538,312128710002538,9223372036854775807,0,312128711645680,312128711691065,312128711692834,312128713912834,312128716000065,312128716247296,312128716898680,312128719707065,312128723279911,
0,312129696480130,312129696480130,9223372036854775807,0,312129696858603,312129696892988,312129696894450,312129698339526,312129698696988,312129698842296,312129699052373,312129701012450,312129703571450,
0,312131067261175,312131067261175,9223372036854775807,0,312131067928296,312131067953219,312131067954065,312131069150680,312131069621911,312131069707142,312131071082680,312131072694065,312131074181988,
0,312131217685496,312131217685496,9223372036854775807,0,312131218055988,312131218080603,312131218818834,312131218934603,312131219553757,312131219623911,312131219832219,312131221047065,312131222774911,
0,312131234399011,312131234399011,9223372036854775807,0,312131234786603,312131234789219,312131235794680,312131235889373,312131236404527,312131236479527,312131236672527,312131237694065,312131239542527,
0,312131251112712,312131251112712,9223372036854775807,0,312131251509450,312131251545296,312131252571373,312131252686142,312131253549219,312131253639834,312131253852911,312131255085757,312131256979834,
0,312131267826532,312131267826532,9223372036854775807,0,312131268502911,312131268597603,312131269972450,312131270076219,312131271066911,312131271137296,312131271370065,312131272357296,312131274148065,
0,312131284539472,312131284539472,9223372036854775807,0,312131289139219,312131289178834,312131290562142,312131290755834,312131291654911,312131291731373,312131291925296,312131293004834,312131295200450,
0,312131301253352,312131301253352,9223372036854775807,0,312131301607296,312131301637988,312131302564450,312131302666142,312131303540603,312131303613450,312131303839834,312131305017757,312131306720065,
0,312131317967220,312131317967220,9223372036854775807,0,312131318331680,312131318366219,312131319254450,312131319354757,312131320541603,312131320615296,312131320821450,312131321925296,312131323642911,
0,312131334681044,312131334681044,9223372036854775807,0,312131335067680,312131335105142,312131336187296,312131336317603,312131337061988,312131337126296,312131337330142,312131338387911,312131340088373,
0,312131351394914,312131351394914,9223372036854775807,0,312131351774757,312131351813757,312131352834296,312131352949911,312131353714527,312131353789142,312131353986527,312131354985834,312131356896373,
0,312131368108752,312131368108752,9223372036854775807,0,312131368486988,312131368527296,312131369536603,312131369657142,312131370464065,312131370530296,312131370756373,312131371793065,312131373514373,
0,312131384822594,312131384822594,9223372036854775807,0,312131385214373,312131385252911,312131386258988,312131386370219,312131387244603,312131387323834,312131387558450,312131388741065,312131390556527,
0,312131401536465,312131401536465,9223372036854775807,0,312131401883142,312131401918988,312131402872680,312131402974911,312131403779065,312131403854527,312131404116065,312131405175219,312131406870834,
0,312131418250422,312131418250422,9223372036854775807,0,312131418625296,312131418661373,312131419542296,312131419646757,312131420466988,312131420528988,312131420740373,312131421760373,312131423365911,
0,312131434964342,312131434964342,9223372036854775807,0,312131435322065,312131435356834,312131435357680,312131435458219,312131435759527,312131435824834,312131435984142,312131436760834,312131438460142,
0,312131702388253,312131702388253,9223372036854775807,0,312131702867988,312131702916296,312131702918219,312131704677373,312131705244911,312131705371142,312131705646988,312131707255296,312131709237373,
0,312132727407067,312132727407067,9223372036854775807,0,312132727944834,312132727994911,312132727996142,312132729566373,312132730034142,312132730260296,312132730535065,312132732412988,312132736488527,
0,312134143028148,312134143028148,9223372036854775807,0,312134143883758,312134143916296,312134144701373,312134144812988,312134145428142,312134145485219,312134145689758,312134148896834,312134151010296,
0,312134159739635,312134159739635,9223372036854775807,0,312134160563527,312134160594681,312134161803142,312134161931142,312134162894373,312134162977911,312134163236681,312134164629296,312134167190450,
0,312134176451429,312134176451429,9223372036854775807,0,312134177540988,312134177580988,312134179003142,312134179134604,312134181394758,312134181560527,312134182199604,312134184261527,312134187191988,
0,312134193163000,312134193163000,9223372036854775807,0,312134193597527,312134193628142,312134194855296,312134195746758,312134197102911,312134197212681,312134197845604,312134199455142,312134201448604,
0,312134209874986,312134209874986,9223372036854775807,0,312134210284758,312134210305604,312134211471527,312134211577681,312134213355988,312134213420219,312134213663758,312134215078219,312134217167296,
0,312134226586813,312134226586813,9223372036854775807,0,312134226972758,312134227008604,312134228275988,312134228383450,312134229288527,312134229351834,312134229577065,312134230740219,312134232563527,
0,312134243298774,312134243298774,9223372036854775807,0,312134243710911,312134243749142,312134245683527,312134245793988,312134246871911,312134246960450,312134247204834,312134248652604,312134250562296,
0,312134260010565,312134260010565,9223372036854775807,0,312134260907988,312134260942219,312134262594604,312134262709681,312134263734142,312134263790142,312134264034911,312134265254450,312134267074911,
0,312134276722462,312134276722462,9223372036854775807,0,312134277113758,312134277152527,312134280352681,312134280465681,312134281356219,312134281400758,312134281601450,312134282762219,312134284523373,
0,312134293434581,312134293434581,9223372036854775807,0,312134294151219,312134294183142,312134295366142,312134295487065,312134296621065,312134296679065,312134296902834,312134298098450,312134299912758,
0,312134310146684,312134310146684,9223372036854775807,0,312134310525758,312134310562834,312134311842373,312134311953681,312134313008373,312134313072834,312134313320219,312134314503142,312134316279065,
0,312134326858723,312134326858723,9223372036854775807,0,312134327253142,312134327291450,312134328548758,312134328664758,312134329714758,312134329773527,312134330022450,312134331217988,312134332982604,
0,312134343570792,312134343570792,9223372036854775807,0,312134344337681,312134344369834,312134345583373,312134345696142,312134346719758,312134346783758,312134347015373,312134348302911,312134350039604,
0,312134360282805,312134360282805,9223372036854775807,0,312134360715142,312134360753988,312134361090834,312134362982604,312134363523834,312134363562911,312134363720142,312134364981450,312134366786142,
0,312134376994658,312134376994658,9223372036854775807,0,312134377796527,312134377829604,312134377994527,312134378102373,312134378418988,312134378465681,312134378629450,312134379868604,312134381702681,
0,312134393706590,312134393706590,9223372036854775807,0,312134394098296,312134394132681,312134394316527,312134394571527,312134394767296,312134394824758,312134394967450,312134396386758,312134398403527,
0,312134711236154,312134711236154,9223372036854775807,0,312134711594911,312134711626373,312134711627527,312134714695450,312134715194911,312134715263758,312134715763834,312134717080219,312134718347988,
0,312135713953954,312135713953954,9223372036854775807,0,312135714391911,312135714430758,312135714432219,312135715775681,312135716148604,312135716215835,312135716433450,312135717913835,312135721149988,
0,312137134272731,312137134272731,9223372036854775807,0,312137134696604,312137134730065,312137134730988,312137135771835,312137136329296,312137136428142,312137138475835,312137140238988,312137143635988,
0,312145489706528,312145489706528,9223372036854775807,0,312145490061143,312145490089835,312145490775066,312145490887681,312145491498450,312145491580989,312145491809835,312145493365758,312145495757604,
0,312145506408974,312145506408974,9223372036854775807,0,312145506713143,312145506714912,312145507668758,312145507765450,312145508189912,312145508255143,312145508465450,312145509492835,312145511228912,
0,312145523111341,312145523111341,9223372036854775807,0,312145523481912,312145523516758,312145524642989,312145524745143,312145525417143,312145525491835,312145525704527,312145526610835,312145528881681,
0,312145539813602,312145539813602,9223372036854775807,0,312145540226758,312145540265835,312145541302220,312145541401912,312145542199297,312145542267835,312145542480066,312145543644912,312145545707374,
0,312145556515561,312145556515561,9223372036854775807,0,312145556879604,312145556912297,312145557815450,312145557917681,312145559435220,312145559526835,312145559809604,312145561776374,312145563963835,
0,312145573217742,312145573217742,9223372036854775807,0,312145573554758,312145573586989,312145574484681,312145574579297,312145575304681,312145575380374,312145575590066,312145576669758,312145578359297,
0,312145589920054,312145589920054,9223372036854775807,0,312145590356143,312145590399912,312145591448527,312145591589604,312145592486297,312145592555374,312145592775450,312145593825066,312145595769374,
0,312145606622292,312145606622292,9223372036854775807,0,312145607022220,312145607061604,312145608128374,312145608235989,312145609009220,312145609080989,312145609286604,312145610349758,312145612031527,
0,312145623324777,312145623324777,9223372036854775807,0,312145623703604,312145623742374,312145624858912,312145624980066,312145625782835,312145625847374,312145626066681,312145627098758,312145628822681,
0,312145640027266,312145640027266,9223372036854775807,0,312145640414604,312145640456297,312145641487143,312145641602066,312145642499297,312145642577912,312145642848604,312145644167143,312145646760374,
0,312145656729774,312145656729774,9223372036854775807,0,312145657084220,312145657121681,312145658149989,312145658257143,312145659002604,312145659069758,312145659268604,312145660512912,312145662165374,
0,312145673432320,312145673432320,9223372036854775807,0,312145673802450,312145673837143,312145674838143,312145674947604,312145675715297,312145675775758,312145675988450,312145677075143,312145678673297,
0,312145690134792,312145690134792,9223372036854775807,0,312145690503681,312145690538681,312145691429451,312145691534374,312145692363374,312145692422451,312145692624143,312145693804527,312145695380527,
0,312145706837291,312145706837291,9223372036854775807,0,312145707211681,312145707247527,312145707248758,312145707354066,312145707682297,312145707751604,312145707918912,312145708623989,312145710341989,
