	1.68	1.60	7.53	0.94
	1.21	1.29	13.49	1.58
	1.01	0.52	3.63	2.66
	1.38	1.63	9.48	0.68
	1.69	1.25	5.81	0.89
	1.73	1.32	10.59	0.73
	1.07	1.32	4.58	0.58
	2.39	2.23	14.42	0.75
	1.36	1.93	9.89	0.90
	1.32	0.65	10.79	1.25
	1.38	0.93	9.18	0.61
	1.76	1.47	13.28	1.28
	1.05	0.54	4.76	1.61
	1.00	1.27	4.63	0.67
	1.28	0.73	8.20	0.88
	0.92	0.54	4.43	0.79
	1.21	0.79	8.34	0.85
	3.27	1.43	5.33	0.73
	1.45	0.73	4.09	0.57
	0.75	0.79	4.90	0.99
	0.64	0.86	6.03	1.04
	0.83	0.79	6.09	1.15
	0.86	1.01	5.75	0.59
	0.83	0.90	8.01	1.06
	0.63	0.86	3.56	1.01
	0.91	0.86	5.96	1.18
	0.89	0.79	5.79	0.76
	0.92	0.95	7.15	1.56
	7.14	0.97	14.06	1.62
	24.61	2.89	21.83	1.80
	18.70	1.74	15.58	1.27
	4.10	1.28	10.38	1.55
	2.27	1.45	14.19	1.77
	6.15	1.10	15.71	2.18
	9.14	1.49	10.69	1.52
	6.95	1.31	9.97	1.77
	4.01	1.49	14.83	2.04
	10.90	1.68	16.51	3.42
	1.59	0.90	21.30	3.43
	13.84	1.83	15.74	2.05
	3.65	1.33	15.87	1.81
	8.19	1.92	14.98	2.38
	13.31	2.17	16.59	2.24
	2.67	1.23	19.00	3.24
	12.49	2.69	19.42	1.80
	5.02	2.18	19.38	1.31
	13.48	1.19	21.31	2.17
	7.71	1.07	18.69	1.55
	15.03	1.07	15.14	2.48
	2.34	1.84	14.19	1.09
	1.89	1.36	13.66	0.62
	1.99	0.56	10.32	1.23
	1.06	1.17	7.80	1.22
	1.35	0.72	6.59	0.75
	2.20	1.90	7.87	1.12
	1.03	0.47	12.13	1.09
	1.03	1.25	10.71	1.14
	1.42	0.43	7.39	1.41
	1.32	1.85	7.35	0.72
	3.80	2.61	7.01	1.26
	1.58	0.56	8.16	1.13
	1.28	0.34	5.31	0.66
	1.04	0.86	5.87	0.70
	1.17	1.06	5.40	0.79
	1.32	0.78	5.58	0.88
	1.25	0.60	6.19	0.93
	1.19	0.91	8.57	1.77
	1.03	0.38	8.01	1.13
	2.10	0.92	8.90	1.33
	1.00	0.92	11.04	0.73
	2.10	0.75	15.02	0.95
	9.05	0.76	8.75	0.98
	3.49	1.31	11.25	1.12
	0.95	1.40	12.15	0.90
	4.04	0.43	7.08	0.81
	11.51	0.26	3.19	1.07
	4.13	1.39	4.97	1.00
	4.09	1.84	7.64	1.23
	1.69	0.56	3.74	0.59
	1.94	0.84	7.77	0.79
	1.47	0.69	5.59	0.75
	1.82	1.97	9.44	0.72
	1.57	0.59	4.88	0.80
	2.02	1.77	8.77	1.34
	1.47	1.24	7.47	1.15
	1.94	0.81	4.89	0.60
	1.56	2.11	13.05	0.91
	1.64	0.57	7.93	0.59
	1.83	0.49	6.01	0.92
	1.57	1.90	13.24	1.03
	1.54	0.51	6.12	1.35
	1.37	0.58	4.49	0.82
	1.38	1.97	7.78	0.86
	1.39	1.23	7.17	0.69
	1.60	1.26	5.88	0.91
	1.12	1.70	11.12	0.74
	2.09	2.10	18.77	1.24
	1.36	0.77	9.70	1.38
	1.83	0.52	10.92	0.80
	1.27	1.20	5.17	0.99
	1.75	1.56	11.64	0.93
	1.05	1.14	3.66	1.42
	1.06	1.78	8.58	0.70
	1.21	1.27	4.52	0.69
	1.56	1.73	7.37	0.75
	1.09	1.27	3.67	0.64
	5.14	4.78	7.69	0.64
	2.61	0.31	5.85	3.97
	0.84	0.69	2.89	0.61
	1.60	0.38	11.04	0.86
	1.17	0.63	2.47	0.63
	1.18	0.73	7.33	0.96
	1.17	0.78	11.28	1.71
	2.04	0.72	5.41	1.43
	1.16	1.03	8.53	1.02
	0.96	0.72	10.98	0.81
	1.27	0.81	3.90	1.49
0,79388376870945,79388376870945,9223372036854775807,0,79388377732807,79388377774730,79388377776038,79388377930422,79388378547730,79388378606115,79388380208961,79388387742345,79388388684730,
0,79388393578098,79388393578098,9223372036854775807,0,79388394295192,79388394341730,79388394342961,79388394438422,79388394785807,79388394935576,79388396222499,79388409710499,79388411293115,
0,79388410285637,79388410285637,9223372036854775807,0,79388410819653,79388410853884,79388410854653,79388410941961,79388411292038,79388411512115,79388412029576,79388415663115,79388418328038,
0,79388426992449,79388426992449,9223372036854775807,0,79388427853115,79388427885807,79388427886499,79388427984192,79388428373730,79388428438346,79388430063807,79388439547346,79388440224115,
0,79388443698650,79388443698650,9223372036854775807,0,79388444908422,79388444938346,79388444938961,79388445034346,79388445385961,79388445443807,79388446694038,79388452505730,79388453400038,
0,79388460401505,79388460401505,9223372036854775807,0,79388461602499,79388461636884,79388461637576,79388461733884,79388462136115,79388462242269,79388463562346,79388474148192,79388474878038,
0,79388477106142,79388477106142,9223372036854775807,0,79388477865422,79388477895884,79388477896499,79388477982346,79388478175730,79388478307422,79388479625269,79388484200422,79388484781192,
0,79388827940045,79388827940045,9223372036854775807,0,79388828889576,79388828952038,79388828954269,79388829132961,79388830327346,79388830459422,79388832694192,79388847116730,79388847863730,
0,79388844647164,79388844647164,9223372036854775807,0,79388845295884,79388845332884,79388845334269,79388845442115,79388846006192,79388848656730,79388850585269,79388860474038,79388861376576,
0,79388861355030,79388861355030,9223372036854775807,0,79388862030653,79388862066269,79388862067192,79388862177038,79388862671576,79388862720269,79388863372499,79388874160730,79388875410499,
0,79388878061787,79388878061787,9223372036854775807,0,79388878671807,79388878710038,79388878711807,79388878822576,79388879445115,79388879521038,79388880446807,79388889624807,79388890238730,
0,79388894768661,79388894768661,9223372036854775807,0,79388895475807,79388895517653,79388895519422,79388895644961,79388896526269,79388896616576,79388898090961,79388911369576,79388912653499,
0,79388911475540,79388911475540,9223372036854775807,0,79388911971576,79388912027884,79388912028499,79388912126192,79388912525499,79388912818038,79388913353653,79388918118653,79388919733192,
0,79388928182757,79388928182757,9223372036854775807,0,79388928731346,79388928756192,79388928756730,79388928832730,79388929186961,79388929276038,79388930546038,79388935177961,79388935850346,
0,79388944888917,79388944888917,9223372036854775807,0,79388945504730,79388945548346,79388945549038,79388945665730,79388946167730,79388946216653,79388946949346,79388955152961,79388956037499,
0,79388961595796,79388961595796,9223372036854775807,0,79388962042884,79388962072884,79388962073499,79388962157961,79388962515115,79388962547730,79388963092422,79388967518422,79388968313115,
0,79388978302315,79388978302315,9223372036854775807,0,79388978859576,79388978904192,79388978904884,79388979025576,79388979509730,79388979553269,79388980344115,79388988687884,79388989535961,
0,79388995009276,79388995009276,9223372036854775807,0,79388995528499,79388995576115,79388995577192,79388995705961,79388998274653,79388998319961,79388999752422,79389005083346,79389005812653,
0,79389011716454,79389011716454,9223372036854775807,0,79389012121192,79389012149653,79389012247269,79389012808038,79389013166653,79389013254192,79389013987576,79389018081038,79389018649346,
0,79389028423809,79389028423809,9223372036854775807,0,79389028852961,79389028857422,79389029058576,79389029160653,79389029174961,79389029246499,79389030037269,79389034932884,79389035926346,
0,79389045130864,79389045130864,9223372036854775807,0,79389045556422,79389045586192,79389045701576,79389045759961,79389045767807,79389045846269,79389046702115,79389052735884,79389053779884,
0,79389061837106,79389061837106,9223372036854775807,0,79389062326038,79389062368730,79389062550653,79389062647115,79389062662422,79389062727346,79389063515961,79389069610269,79389070758576,
0,79389078543964,79389078543964,9223372036854775807,0,79389079060115,79389079100346,79389079286192,79389079388961,79389079403653,79389079452961,79389080467884,79389086222115,79389086812038,
0,79389095250735,79389095250735,9223372036854775807,0,79389095710499,79389095750038,79389095952653,79389096069730,79389096084576,79389096191192,79389097094269,79389105106884,79389106165499,
0,79389111957899,79389111957899,9223372036854775807,0,79389112346269,79389112373576,79389112508115,79389112578961,79389112588499,79389112664422,79389113523884,79389117080346,79389118093730,
0,79389128664897,79389128664897,9223372036854775807,0,79389129215422,79389129256499,79389129457499,79389129559807,79389129574807,79389129658653,79389130514422,79389136479038,79389137655961,
0,79389145371761,79389145371761,9223372036854775807,0,79389145900499,79389145942730,79389146141422,79389146245115,79389146260807,79389146319422,79389147114269,79389152903499,79389153664038,
0,79389162078231,79389162078231,9223372036854775807,0,79389162571576,79389162613961,79389162888038,79389162986499,79389163000422,79389163129653,79389164077961,79389171225499,79389172781422,
0,79389922675948,79389922675948,9223372036854775807,0,79389928777961,79389928817807,79389929084346,79389929228192,79389929820346,79389930062423,79389931027807,79389945085192,79389946702423,
0,79389997413169,79389997413169,9223372036854775807,0,79390001095730,79390001158807,79390001418269,79390007192423,79390022021807,79390022191499,79390025083499,79390046914576,79390048712653,
0,79390014166388,79390014166388,9223372036854775807,0,79390028456499,79390028521115,79390028885269,79390031630192,79390032866576,79390049200192,79390050938499,79390066520192,79390067788269,
2,79390080712367,79390080712367,0,0,79390080712367,79390080712367,79390080712367,79390080712367,79390084814807,79390084818115,79390086093730,79390096473192,79390098019192,
0,79390030918726,79390047671951,9223372036854775807,0,79390056213884,79390056323807,79390056537884,79390098715038,79390106271038,79390106394499,79390109735346,79390129321115,79390130900346,
2,79390130865912,79390130865912,0,0,79390130865912,79390130865912,79390130865912,79390130865912,79390133135961,79390133138730,79390134590346,79390148776346,79390150541730,
2,79390147502540,79390147502540,0,0,79390147502540,79390147502540,79390147502540,79390147502540,79390153655653,79390153657884,79390154761115,79390170472269,79390172648576,
2,79390164202433,79390164202433,0,0,79390164202433,79390164202433,79390164202433,79390164202433,79390173338884,79390173343884,79390174836807,79390185525961,79390187046346,
2,79390180901848,79390180901848,0,0,79390180901848,79390180901848,79390180901848,79390180901848,79390187853730,79390187856730,79390189164115,79390199131038,79390200901961,
2,79390197600086,79390197600086,0,0,79390197600086,79390197600086,79390197600086,79390197600086,79390201606038,79390201608884,79390203094269,79390217922346,79390219958807,
2,79390214299096,79390214299096,0,0,79390214299096,79390214299096,79390214299096,79390214299096,79390225194192,79390225197576,79390226872807,79390243383807,79390246808346,
2,79390247750905,79390247750905,0,0,79390247750905,79390247750905,79390247750905,79390247750905,79390249338038,79390249341038,79390250243499,79390271540115,79390274967884,
2,79390264397401,79390264397401,0,0,79390264397401,79390264397401,79390264397401,79390264397401,79390278238961,79390278241730,79390280069730,79390295810884,79390297856884,
2,79390297851595,79390297851595,0,0,79390297851595,79390297851595,79390297851595,79390297851595,79390301505192,79390301506884,79390302834730,79390318700807,79390320511269,
2,79390314497112,79390314497112,0,0,79390314497112,79390314497112,79390314497112,79390314497112,79390322689346,79390322691423,79390324606730,79390339589346,79390341969499,
2,79390331196717,79390331196717,0,0,79390331196717,79390331196717,79390331196717,79390331196717,79390344505730,79390344509499,79390346680115,79390363271884,79390365510730,
2,79390364650786,79390364650786,0,0,79390364650786,79390364650786,79390364650786,79390364650786,79390367323576,79390367325423,79390368550730,79390387550807,79390390786192,
2,79390381296669,79390381296669,0,0,79390381296669,79390381296669,79390381296669,79390381296669,79390393791192,79390393795192,79390396482038,79390415904346,79390417705038,
2,79390414750682,79390414750682,0,0,79390414750682,79390414750682,79390414750682,79390414750682,79390419766730,79390419768807,79390421950423,79390441335115,79390442642730,
2,79390431400425,79390431400425,0,0,79390431400425,79390431400425,79390431400425,79390431400425,79390444883807,79390444886038,79390446079576,79390467390653,79390469558115,
2,79390464854284,79390464854284,0,0,79390464854284,79390464854284,79390464854284,79390464854284,79390472565346,79390472567192,79390473638576,79390492324576,79390493870192,
2,79390481500799,79390481500799,0,0,79390481500799,79390481500799,79390481500799,79390481500799,79390496532038,79390496534576,79390497609269,79390512744499,79390515225730,
0,79390965823476,79390965823476,9223372036854775807,0,79390966696961,79390966756576,79390966758807,79390966924423,79390968163576,79390968273423,79390970114730,79390984305576,79390985400115,
0,79390982525231,79390982525231,9223372036854775807,0,79390983342653,79390983405423,79390983407192,79390983600807,79390984414884,79390985990423,79390987351115,79391001010884,79391001630884,
0,79390999227130,79390999227130,9223372036854775807,0,79391000108423,79391000183115,79391000185269,79391000375115,79391001221269,79391001768269,79391002326961,79391012643730,79391013870884,
0,79391015927752,79391015927752,9223372036854775807,0,79391016563423,79391016593730,79391016594346,79391016685961,79391016990423,79391017053653,79391018222807,79391026026115,79391027247115,
0,79391032629586,79391032629586,9223372036854775807,0,79391033195192,79391033237115,79391033237807,79391033357807,79391033974961,79391034058500,79391034781807,79391041372730,79391042121038,
0,79391049324504,79391049324504,9223372036854775807,0,79391050871576,79391050918500,79391050919269,79391051058653,79391051528730,79391051704730,79391053605730,79391061473576,79391062590038,
0,79391066025892,79391066025892,9223372036854775807,0,79391066617730,79391066644961,79391066645500,79391066724500,79391067054038,79391067123192,79391067596269,79391079725807,79391080813269,
0,79391082727892,79391082727892,9223372036854775807,0,79391083221423,79391083256884,79391083257807,79391083362038,79391083756884,79391083819730,79391085074038,79391095787884,79391096928884,
0,79391099429938,79391099429938,9223372036854775807,0,79391100074576,79391100116423,79391100118346,79391100234269,79391100849653,79391100882884,79391101311884,79391108698653,79391110112576,
0,79391116131735,79391116131735,9223372036854775807,0,79391116748807,79391116793730,79391116794807,79391116933653,79391117452730,79391117533807,79391119378807,79391126733269,79391127455038,
0,79391132833596,79391132833596,9223372036854775807,0,79391133509730,79391133554500,79391133555192,79391133687576,79391136637038,79391136721269,79391139332576,79391146347192,79391147603961,
0,79391149534705,79391149534705,9223372036854775807,0,79391150160576,79391150187500,79391150280038,79391150798730,79391151114038,79391151198115,79391151758269,79391159915884,79391161049500,
0,79391166236075,79391166236075,9223372036854775807,0,79391166965038,79391166971884,79391167335576,79391167496500,79391167517730,79391167560730,79391167902807,79391173211653,79391173868807,
0,79391182937342,79391182937342,9223372036854775807,0,79391183589269,79391183631500,79391183857730,79391183965576,79391183980884,79391184169423,79391185030500,79391190899346,79391191599346,
0,79391199638681,79391199638681,9223372036854775807,0,79391200468192,79391200505576,79391200695653,79391200792038,79391200806269,79391200880807,79391201935884,79391207337500,79391208131192,
0,79391216339081,79391216339081,9223372036854775807,0,79391217242346,79391217294269,79391217528115,79391217642653,79391217660115,79391217803653,79391218585038,79391224162730,79391225045038,
0,79391233039365,79391233039365,9223372036854775807,0,79391233885730,79391233933807,79391234161884,79391234271807,79391234288038,79391234375730,79391234980192,79391241174346,79391242101576,
0,79391249740551,79391249740551,9223372036854775807,0,79391250523115,79391250569346,79391250802269,79391250912500,79391250928961,79391251061115,79391251970115,79391260544576,79391262318730,
0,79391266441947,79391266441947,9223372036854775807,0,79391267135576,79391267173346,79391267368038,79391267459884,79391267474653,79391267536269,79391267919038,79391275933576,79391277063730,
0,79391283143590,79391283143590,9223372036854775807,0,79391284852115,79391284897423,79391285118115,79391285226423,79391285243269,79391285352500,79391286273269,79391295171653,79391296497884,
0,79391299844440,79391299844440,9223372036854775807,0,79391300604730,79391300618807,79391300804576,79391300839576,79391300846192,79391300949807,79391301870730,79391312915038,79391313649653,
0,79392083828892,79392083828892,9223372036854775807,0,79392084289346,79392084317884,79392084454346,79392084514807,79392085926653,79392086081500,79392086830807,79392101849038,79392102801576,
0,79392118633170,79392118633170,9223372036854775807,0,79392119529269,79392119579884,79392119854038,79392122455115,79392127685653,79392127767038,79392128522730,79392137277115,79392138261653,
0,79392135387144,79392135387144,9223372036854775807,0,79392136058192,79392136102500,79392136425576,79392138285423,79392138879115,79392138936346,79392140248269,79392151493961,79392152617884,
0,79392152141654,79392152141654,9223372036854775807,0,79392152548576,79392152573807,79392152728423,79392152795884,79392153089346,79392153152653,79392154554115,79392166705730,79392167610653,
2,79392168894855,79392168894855,0,0,79392168894855,79392168894855,79392168894855,79392168894855,79392172930576,79392172932192,79392173360807,79392180438192,79392181246115,
0,79392168894855,79392168894855,9223372036854775807,0,79392170013269,79392170078115,79392170539807,79392188882192,79392197658961,79392197788038,79392199507115,79392211440500,79392212895730,
2,79392202137386,79392202137386,0,0,79392202137386,79392202137386,79392202137386,79392202137386,79392213649269,79392213650038,79392213909423,79392217100961,79392218174423,
2,79392218839605,79392218839605,0,0,79392218839605,79392218839605,79392218839605,79392218839605,79392222971038,79392222973884,79392224362730,79392229336038,79392230338730,
2,79392235541719,79392235541719,0,0,79392235541719,79392235541719,79392235541719,79392235541719,79392239627961,79392239630730,79392241471115,79392249113269,79392250340576,
0,79392218839605,79392252346055,9223372036854775807,0,79392252736961,79392252770961,79392252945500,79392253041807,79392253635884,79392253699192,79392254751961,79392266481423,79392267533115,
0,79392268944037,79392268944037,9223372036854775807,0,79392269612884,79392269642346,79392269867115,79392270225730,79392270635269,79392270669192,79392271226576,79392274970884,79392275563115,
0,79392285644457,79392285644457,9223372036854775807,0,79392286642807,79392286696423,79392286697961,79392286865115,79392287585038,79392287646730,79392288486576,79392296254730,79392297043115,
0,79392302344478,79392302344478,9223372036854775807,0,79392303180346,79392303236653,79392303239577,79392303400423,79392303816269,79392303887500,79392304574577,79392310167346,79392310914730,
0,79392319045207,79392319045207,9223372036854775807,0,79392320173961,79392320222423,79392320223346,79392320367269,79392320860346,79392320899192,79392322869653,79392332311884,79392333030884,
0,79392335746055,79392335746055,9223372036854775807,0,79392336805653,79392336844346,79392336844961,79392336939653,79392337311577,79392337339961,79392337933730,79392342813961,79392343610423,
0,79392352442755,79392352442755,9223372036854775807,0,79392353738807,79392353787346,79392353788423,79392353934423,79392354467500,79392354687346,79392356461500,79392365235807,79392366574269,
0,79392369143648,79392369143648,9223372036854775807,0,79392369963423,79392370003807,79392370004577,79392370136653,79392370615038,79392370669038,79392371908961,79392379381653,79392380535269,
0,79392385844544,79392385844544,9223372036854775807,0,79392386912807,79392386966961,79392386969192,79392387133807,79392387785500,79392387855961,79392388664192,79392393549500,79392394148269,
0,79392402545279,79392402545279,9223372036854775807,0,79392403349115,79392403392269,79392403393269,79392403539038,79392404106192,79392404285038,79392406395730,79392419443115,79392420355115,
0,79392419246215,79392419246215,9223372036854775807,0,79392419914038,79392419988038,79392419989730,79392420202807,79392420888192,79392420924730,79392421491192,79392429423653,79392430009115,
0,79392435984244,79392435984244,9223372036854775807,0,79392436600500,79392436652653,79392436654269,79392436857192,79392437809577,79392437879192,79392438374115,79392444385038,79392445306577,
0,79392452686238,79392452686238,9223372036854775807,0,79392453582884,79392453629807,79392453630577,79392453774653,79392454257269,79392454334730,79392456238346,79392469476961,79392470509192,
0,79392469387671,79392469387671,9223372036854775807,0,79392470051192,79392470083730,79392470084500,79392470174577,79392470931346,79392470972346,79392471478730,79392477603038,79392478953961,
0,79392486089744,79392486089744,9223372036854775807,0,79392486783884,79392486826346,79392486827730,79392486948961,79392487463961,79392487511730,79392488093346,79392492582653,79392493407346,
0,79392502791867,79392502791867,9223372036854775807,0,79392503427577,79392503480346,79392503481577,79392503616115,79392504171807,79392504290807,79392506259500,79392514036346,79392514900500,
0,79392519513475,79392519513475,9223372036854775807,0,79392520305192,79392520335653,79392520336269,79392520426884,79392520898577,79392520954730,79392522182577,79392529352269,79392530039038,
0,79392536219201,79392536219201,9223372036854775807,0,79392537236807,79392537281269,79392537282115,79392537387115,79392537814346,79392537888884,79392539144192,79392545021346,79392545933269,
0,79392552924576,79392552924576,9223372036854775807,0,79392553711577,79392553746730,79392553747423,79392553849653,79392554041884,79392554218192,79392555919115,79392567042192,79392567782269,
0,79393037386535,79393037386535,9223372036854775807,0,79393038185269,79393038242500,79393038244500,79393038409115,79393039472577,79393039578730,79393041679653,79393060449038,79393061693884,
0,79393054092487,79393054092487,9223372036854775807,0,79393054786500,79393054828115,79393054828730,79393054952192,79393055455269,79393062324346,79393063091038,79393072787961,79393074170730,
0,79393070798698,79393070798698,9223372036854775807,0,79393071603115,79393071666192,79393071668346,79393071856269,79393072624500,79393074364423,79393074888500,79393085803653,79393086600269,
0,79393087504346,79393087504346,9223372036854775807,0,79393088231423,79393088267269,79393088268192,79393088375346,79393088776269,79393088839269,79393090038577,79393095212500,79393096205961,
0,79393104210287,79393104210287,9223372036854775807,0,79393104916346,79393104985038,79393104987192,79393105174500,79393105961423,79393106040423,79393107604115,79393119241346,79393120172192,
0,79393120916089,79393120916089,9223372036854775807,0,79393121485346,79393121517730,79393121518807,79393121616423,79393121968884,79393122023423,79393123166884,79393126824577,79393128241961,
0,79393137622403,79393137622403,9223372036854775807,0,79393138242423,79393138275653,79393138276269,79393138371269,79393138683192,79393138745653,79393140523730,79393149100192,79393149796730,
0,79393154328320,79393154328320,9223372036854775807,0,79393154956500,79393154987577,79393154988192,79393155082038,79393155539423,79393155674500,79393156940500,79393161461577,79393162150269,
0,79393171034239,79393171034239,9223372036854775807,0,79393171824346,79393171874346,79393171875423,79393172060423,79393172590192,79393172721577,79393174455192,79393181829500,79393182577269,
0,79393187739605,79393187739605,9223372036854775807,0,79393188393192,79393188424346,79393188424961,79393188512115,79393188827807,79393188880423,79393190151961,79393193818653,79393194463192,
0,79393204444427,79393204444427,9223372036854775807,0,79393205510500,79393205557653,79393205558730,79393205704730,79393209583653,79393209756346,79393214532269,79393222225653,79393222866500,
0,79393221149886,79393221149886,9223372036854775807,0,79393221838269,79393221895577,79393222073192,79393223259038,79393223757192,79393223810038,79393224123807,79393229968884,79393233936423,
0,79393237855625,79393237855625,9223372036854775807,0,79393238463423,79393238466961,79393238617115,79393238683115,79393238692423,79393238792730,79393239480346,79393242369423,79393242976884,
0,79393254696036,79393254696036,9223372036854775807,0,79393255678423,79393255726115,79393256084038,79393256282500,79393256299038,79393256355115,79393256734807,79393267772500,79393268633115,
0,79393271401666,79393271401666,9223372036854775807,0,79393272184577,79393272230807,79393272450192,79393272558807,79393272575423,79393272662730,79393273297192,79393275766730,79393276397884,
0,79393288107274,79393288107274,9223372036854775807,0,79393288893653,79393288938269,79393289164115,79393289272730,79393289288653,79393289362038,79393290088269,79393297420577,79393298385346,
0,79393304812897,79393304812897,9223372036854775807,0,79393305638577,79393305673038,79393305888423,79393305972192,79393305983961,79393306127577,79393306909730,79393318192423,79393319903884,
0,79393321518981,79393321518981,9223372036854775807,0,79393322408269,79393322501346,79393323361192,79393323540577,79393323562653,79393323654884,79393324379346,79393329785115,79393331210884,
0,79393338227899,79393338227899,9223372036854775807,0,79393338944807,79393338992884,79393339252577,79393339368961,79393339385730,79393339501115,79393340528346,79393349062884,79393350086192,
0,79393354935472,79393354935472,9223372036854775807,0,79393355494423,79393355534807,79393355773115,79393355879115,79393355893500,79393355960884,79393356679115,79393367655115,79393368463961,
0,79393371643299,79393371643299,9223372036854775807,0,79393372416807,79393372467961,79393372786346,79393372901884,79393372913346,79393373097961,79393373912577,79393377810730,79393379304884,
