0,36295286391417,36295286391417,9223372036854775807,0,36295286818692,36295286852192,36295286854653,36295286994615,36295287151922,36295289307461,36295290407345,36295291667615,36295305610499,
0,36295736799024,36295753465690,9223372036854775807,0,36295760616691,36295760647960,36295760650422,36295760792114,36295761019307,36295761271691,36295762025653,36295763368153,36295767081999,
0,36296053747306,36296053747306,9223372036854775807,0,36296054649653,36296054672499,36296054675268,36296054763422,36296054983614,36296055279076,36296056186037,36296057485076,36296061741114,
0,36296170519754,36296187186420,9223372036854775807,0,36296197918691,36296197947614,36296197949499,36296201953383,36296203914845,36296204151883,36296207377383,36296218665114,36296222337729,
0,36296220565540,36296220565540,9223372036854775807,0,36296226501537,36296226522537,36296226524383,36296274576152,36296284823998,36296284913806,36296290698922,36296297768229,36296300905498,
0,36296287290883,36296287290883,9223372036854775807,0,36296298815806,36296298835729,36296298869691,36296324252768,36296324691460,36296324820075,36296325751152,36296335226229,36296338012652,
0,36296337336687,36296337336687,9223372036854775807,0,36296338199422,36296338217614,36296338268537,36296338323922,36296338585383,36296338635498,36296339338998,36296342034114,36296356207575,
0,36296354019010,36296354019010,9223372036854775807,0,36296354980460,36296355002845,36296355065998,36296355137152,36296355455075,36296356336345,36296357516614,36296359126268,36296374609075,
0,36296370701040,36296370701040,9223372036854775807,0,36296371682537,36296371706806,36296371775422,36296371851768,36296372190575,36296374734960,36296375858960,36296378040114,36296390682037,
0,36296387375914,36296404042580,9223372036854775807,0,36296412549114,36296412552575,36296412677268,36296412736652,36296412862691,36296413120691,36296413882537,36296415141691,36296418774921,
0,36296420738818,36296420738818,9223372036854775807,0,36296427329691,36296427351037,36296427400498,36296469742537,36296476267037,36296476432960,36296479732998,36296488930691,36296492379421,
0,36296687644112,36296687644112,9223372036854775807,0,36296688414152,36296688447998,36296688450460,36296688592729,36296689300344,36296689557806,36296690382614,36296698967229,36296702603998,
0,36297104682638,36297104682638,9223372036854775807,0,36297108886844,36297108907575,36297108909383,36297118548998,36297128184921,36297128628844,36297134724536,36297141945152,36297145252306,
0,36297188092786,36297188092786,9223372036854775807,0,36297188438998,36297188456459,36297188458229,36297188505959,36297188612959,36297188904806,36297189681267,36297190821382,36297194074652,
0,36297687773810,36297687773810,9223372036854775807,0,36297688447882,36297688480882,36297688483767,36297688628459,36297688854074,36297689084767,36297689877190,36297691224767,36297694965267,
0,36298021536569,36298021536569,9223372036854775807,0,36298022516190,36298022538882,36298022540690,36298025387613,36298025747882,36298025889151,36298026813305,36298035975459,36298040551920,
0,36298188418941,36298188418941,9223372036854775807,0,36298189108189,36298189142074,36298189144959,36298189286766,36298189561997,36298189811997,36298190601536,36298191837997,36298195317228,
0,36298538873666,36298538873666,9223372036854775807,0,36298539475305,36298539509305,36298539511728,36298552223997,36298552959574,36298553122612,36298554006266,36298563071420,36298566635266,
0,36298672382292,36298672382292,9223372036854775807,0,36298672963920,36298672996920,36298672999689,36298673157997,36298673373074,36298673988458,36298674783497,36298682894920,36298686131843,
0,36299188387912,36299188387912,9223372036854775807,0,36299188985612,36299189018073,36299189020535,36299189184996,36299189447419,36299189686266,36299190465073,36299191943727,36299195158458,
0,36299688799959,36299688799959,9223372036854775807,0,36299689779150,36299689803458,36299689805265,36299689908188,36299690029381,36299690162419,36299690972765,36299692585765,36299696416535,
0,36300189208850,36300189208850,9223372036854775807,0,36300190101457,36300190125380,36300190127188,36300190231919,36300190383226,36300190504034,36300191280726,36300192918188,36300196497880,
0,36300689616751,36300689616751,9223372036854775807,0,36300690674534,36300690698534,36300690700303,36300690803803,36300690925226,36300691177726,36300691973649,36300693488149,36300697386611,
0,36300823055887,36300823055887,9223372036854775807,0,36300824173841,36300824197341,36300824199149,36300827091572,36300827468457,36300827616303,36300828758611,36300839576264,36300843488534,
0,36301188735694,36301188735694,9223372036854775807,0,36301189341341,36301189376341,36301189378918,36301189543957,36301189806226,36301190026033,36301190844072,36301192503033,36301195875572,
0,36301338815254,36301338815254,9223372036854775807,0,36301339465226,36301339499303,36301339501918,36301343596264,36301344509687,36301344759918,36301345650418,36301354257264,36301357567418,
0,36301689001220,36301689001220,9223372036854775807,0,36301689575187,36301689608956,36301689611764,36301689775764,36301689990956,36301690209879,36301690988033,36301692491418,36301695941879,
0,36302189262360,36302189262360,9223372036854775807,0,36302190346725,36302190370994,36302190372802,36302190477071,36302190625110,36302190873994,36302191669071,36302193141494,36302196611763,
0,36302689525612,36302689525612,9223372036854775807,0,36302690562071,36302690586032,36302690587879,36302690692609,36302690812186,36302691071263,36302691881763,36302693462071,36302697060494,
0,36303189790306,36303189790306,9223372036854775807,0,36303190763763,36303190787647,36303190789455,36303190893070,36303191042724,36303191307840,36303192218340,36303193656494,36303197405263,
0,36303356543797,36303356543797,9223372036854775807,0,36303363740109,36303363752955,36303363755301,36303366003763,36303367749917,36303367849493,36303370046186,36303381138993,36303391257493,
0,36303373218816,36303373218816,9223372036854775807,0,36303373666224,36303373677032,36303373678993,36303373725532,36303373874916,36303391499147,36303392467186,36303393769378,36303397465724,
0,36303389888785,36303389888785,9223372036854775807,0,36303393879801,36303393893955,36303393895801,36303393979532,36303394206570,36303397584224,36303398671493,36303401777224,36303409326916,
0,36303406564593,36303423231259,9223372036854775807,0,36303425262609,36303425285224,36303425287801,36303426741301,36303427965186,36303428115378,36303428889340,36303431023532,36303434013801,
0,36303439914015,36303439914015,9223372036854775807,0,36303445839416,36303445851686,36303445853532,36303447046609,36303447640686,36303447714493,36303448705955,36303451090109,36303454488147,
0,36303456589936,36303456589936,9223372036854775807,0,36303457783493,36303457795301,36303457797147,36303457881263,36303458127416,36303458370532,36303459239955,36303461254378,36303464493455,
0,36303473265463,36303473265463,9223372036854775807,0,36303473709263,36303473722609,36303473724416,36303474837993,36303475248147,36303475362993,36303476376532,36303478609609,36303481311686,
0,36303489941271,36303489941271,9223372036854775807,0,36303491819878,36303491832609,36303491834493,36303493191878,36303493777801,36303493863224,36303494652878,36303496990301,36303501192186,
0,36303506617028,36303506617028,9223372036854775807,0,36303508099032,36303508121570,36303508123416,36303508759109,36303509174032,36303509256301,36303510112532,36303512378801,36303515702186,
0,36303523292798,36303523292798,9223372036854775807,0,36303523651686,36303523663147,36303523664916,36303528237916,36303528643532,36303528743993,36303529683532,36303531904032,36303535405186,
0,36303539968758,36303539968758,9223372036854775807,0,36303540316839,36303540326109,36303540327955,36303540360916,36303540387763,36303540512955,36303541351609,36303542936301,36303546042455,
0,36304023558307,36304023558307,9223372036854775807,0,36304024849647,36304024867762,36304024869570,36304024923993,36304025016608,36304025358493,36304026178762,36304027542993,36304031245339,
0,36304473796678,36304473796678,9223372036854775807,0,36304474841646,36304474865762,36304474867570,36304474958954,36304475181377,36304475437762,36304476361531,36304478174531,36304481835070,
0,36304540499967,36304540499967,9223372036854775807,0,36304541457608,36304541481416,36304541483185,36304541572762,36304541731185,36304541982108,36304542785454,36304544422146,36304548518070,
0,36304590527462,36304607194128,9223372036854775807,0,36304617126723,36304617154262,36304617156069,36304620895146,36304622863877,36304622986454,36304626624300,36304638355723,36304641668493,
0,36304623877506,36304640544172,9223372036854775807,0,36304644707185,36304644733608,36304644735646,36304687475262,36304694184839,36304694258300,36304699436954,36304707720839,36304711116608,
0,36304707255950,36304707255950,9223372036854775807,0,36304708113108,36304708130916,36304708180839,36304733289992,36304733720185,36304733853492,36304734622300,36304744548300,36304747299531,
0,36304740608901,36304740608901,9223372036854775807,0,36304741158454,36304741174146,36304741214185,36304741264262,36304741508839,36304747500531,36304748276954,36304750053454,36304759127185,
0,36304757285464,36304757285464,9223372036854775807,0,36304757830416,36304757847685,36304757890377,36304757944685,36304758189262,36304759236339,36304760357300,36304761863839,36304775797569,
0,36304773959986,36304773959986,9223372036854775807,0,36304774623954,36304774640992,36304774685569,36304774737685,36304774983762,36304775916800,36304777249185,36304778802300,36304800802646,
0,36304790635548,36304790635548,9223372036854775807,0,36304791019723,36304791037608,36304791073300,36304791128339,36304791305877,36304800910377,36304801955031,36304804001877,36304809763108,
0,36304807311389,36304807311389,9223372036854775807,0,36304818265454,36304818268877,36304818402800,36304818455954,36304818566608,36304818649531,36304819599646,36304821004992,36304825571339,
0,36304823987488,36304823987488,9223372036854775807,0,36304824335300,36304824351415,36304824461339,36304824511262,36304824632223,36304825672685,36304827271531,36304828444415,36304842293031,
0,36304840663023,36304840663023,9223372036854775807,0,36304841498915,36304841516992,36304841567531,36304860694262,36304866188223,36304866295377,36304870253146,36304877823723,36304881390762,
0,36305107469419,36305107469419,9223372036854775807,0,36305108186646,36305108219723,36305108222338,36305108360415,36305109024069,36305109294684,36305110083569,36305117979800,36305121719569,
0,36305491004427,36305491004427,9223372036854775807,0,36305497643069,36305497663069,36305497664877,36305509110300,36305518511992,36305519039530,36305525923492,36305534653338,36305539232838,
0,36305607731951,36305607731951,9223372036854775807,0,36305608182069,36305608201415,36305608203261,36305608254992,36305608369146,36305608708492,36305609471069,36305610535030,36305614202453,
0,36306107984391,36306107984391,9223372036854775807,0,36306108917376,36306108951607,36306108954722,36306109099068,36306109332953,36306109550030,36306110336491,36306111721145,36306115058338,
0,36306391467261,36306391467261,9223372036854775807,0,36306392590799,36306392614184,36306392616030,36306395572376,36306395940299,36306396224684,36306397143107,36306406966953,36306410894530,
0,36306608248473,36306608248473,9223372036854775807,0,36306608899376,36306608933914,36306608936530,36306609079953,36306609353222,36306609484683,36306610263876,36306611580183,36306615251337,
0,36306907167757,36306907167757,9223372036854775807,0,36306907749068,36306907783222,36306907785914,36306921022260,36306921765991,36306922041299,36306922920799,36306931589799,36306935345183,
0,36307107116290,36307107116290,9223372036854775807,0,36307107628837,36307107662491,36307107665029,36307107826645,36307108192875,36307108841183,36307109599491,36307118164529,36307121052529,
0,36307606978484,36307606978484,9223372036854775807,0,36307607943375,36307607967106,36307607968913,36307608125837,36307608275606,36307608531490,36307609282990,36307610517913,36307614520298,
0,36308106837346,36308106837346,9223372036854775807,0,36308107901605,36308107924682,36308107926644,36308108095798,36308108226721,36308108393759,36308109343528,36308110734336,36308114253682,
0,36308606699750,36308606699750,9223372036854775807,0,36308607768374,36308607792567,36308607794336,36308607898028,36308608105336,36308608360644,36308609157413,36308610497028,36308614480490,
0,36309106560487,36309106560487,9223372036854775807,0,36309107462066,36309107484374,36309107486220,36309110443797,36309110799566,36309111067912,36309111957066,36309122273912,36309126269720,
0,36309123221275,36309123221275,9223372036854775807,0,36309126219066,36309126250605,36309126252451,36309126365143,36309126493182,36309126556259,36309127373912,36309129125451,36309141947874,
0,36309623627465,36309623627465,9223372036854775807,0,36309624379489,36309624413527,36309624416335,36309628616258,36309629506335,36309629780527,36309630673450,36309639644104,36309643669450,
0,36310123699251,36310123699251,9223372036854775807,0,36310124289412,36310124324142,36310124327104,36310124489758,36310124703181,36310124834258,36310125623604,36310126974219,36310130937104,
0,36310623771760,36310623771760,9223372036854775807,0,36310624955796,36310624979104,36310624980873,36310625084565,36310625234450,36310625488527,36310626267527,36310627570257,36310631812142,
0,36311125032547,36311125032547,9223372036854775807,0,36311126060565,36311126084026,36311126085872,36311126190796,36311126311911,36311126563911,36311127347411,36311128863642,36311132488411,
0,36311625683695,36311625683695,9223372036854775807,0,36311626850872,36311626862334,36311626864141,36311632978834,36311634444526,36311634567064,36311636873795,36311648911295,36311652133026,
0,36311642372023,36311642372023,9223372036854775807,0,36311645890026,36311645901026,36311645902872,36311646413372,36311646795257,36311652375141,36311653181718,36311656405411,36311661843180,
0,36311659058527,36311659058527,9223372036854775807,0,36311660130987,36311660145026,36311660149987,36311660235411,36311660468718,36311661976103,36311663784718,36311668658295,36311677550103,
0,36311675026120,36311675026120,9223372036854775807,0,36311676178949,36311676205180,36311676207064,36311678193834,36311678792257,36311678877411,36311680136564,36311681890795,36311695312257,
0,36311691714202,36311691714202,9223372036854775807,0,36311698013987,36311698026064,36311698027872,36311699170641,36311699736218,36311699794487,36311701104372,36311703243064,36311711562487,
0,36311708400770,36311708400770,9223372036854775807,0,36311709461526,36311709472411,36311709474411,36311710635218,36311711084411,36311711711218,36311712959295,36311715063526,36311727171564,
0,36311725089029,36311725089029,9223372036854775807,0,36311725713064,36311725722411,36311725724257,36311725767757,36311725930526,36311727312141,36311728547757,36311730057334,36311743885372,
0,36311741778028,36311741778028,9223372036854775807,0,36311742202218,36311742223487,36311742225295,36311743752334,36311745272718,36311745461603,36311746805680,36311748481987,36311761978141,
0,36311758465882,36311758465882,9223372036854775807,0,36311759030141,36311759551141,36311759558257,36311759736603,36311760612680,36311762125295,36311763274103,36311764567180,36311777871218,
0,36311775184657,36311775184657,9223372036854775807,0,36311775702295,36311775737334,36311775740141,36311775888218,36311776660564,36311778005564,36311779126372,36311780469141,36311794085064,
0,36311791885446,36311791885446,9223372036854775807,0,36311792403103,36311792435064,36311792437180,36311792575680,36311793120141,36311794222257,36311795360295,36311797477487,36311811045334,
0,36311808584897,36311808584897,9223372036854775807,0,36311809206295,36311809237910,36311809240180,36311809377949,36311809527295,36311811165680,36311812672564,36311813956410,36311827049757,
0,36312242793224,36312259459890,9223372036854775807,0,36312265426141,36312265457641,36312265459949,36312265600102,36312265823872,36312265973795,36312266712987,36312267986526,36312271543756,
0,36312526693910,36312526693910,9223372036854775807,0,36312527865141,36312527888525,36312527890295,36312527978833,36312528271756,36312528532295,36312529340795,36312530623641,36312533880295,
0,36312626896315,36312643562981,9223372036854775807,0,36312653556679,36312653582564,36312653584448,36312656730794,36312658398833,36312658540141,36312662645218,36312681009910,36312685914333,
0,36312660296615,36312676963281,9223372036854775807,0,36312679410948,36312679438256,36312679440102,36312724970833,36312732845448,36312732977102,36312739372987,36312748453025,36312750805833,
0,36312742361096,36312742361096,9223372036854775807,0,36312744759987,36312744775564,36312744814833,36312768300141,36312768740910,36312768854179,36312769587102,36312778286333,36312780815371,
0,36312775761185,36312775761185,9223372036854775807,0,36312776449025,36312776464487,36312776504833,36312776556294,36312776801025,36312781005833,36312781687487,36312783309910,36312794147987,
0,36312792460817,36312792460817,9223372036854775807,0,36312793030294,36312793046910,36312793091525,36312793144410,36312793390717,36312794256333,36312795229525,36312796698256,36312811026871,
0,36312808961128,36312808961128,9223372036854775807,0,36312809625487,36312809642833,36312809690564,36312809746217,36312810008294,36312811178333,36312812384756,36312814329679,36312832461487,
0,36312825613975,36312825613975,9223372036854775807,0,36312826246102,36312826263910,36312826292641,36312826352217,36312826582602,36312832565910,36312833458794,36312835652064,36312845826948,
0,36312842267462,36312842267462,9223372036854775807,0,36312846200525,36312846218179,36312846245794,36312846301371,36312846477910,36312846577448,36312847583487,36312849404564,36312860793987,
0,36312859003718,36312859003718,9223372036854775807,0,36312859500640,36312859514910,36312859552910,36312875772525,36312882055871,36312882259410,36312885952102,36312893916948,36312896425910,
0,36313092596163,36313092596163,9223372036854775807,0,36313093129986,36313093149679,36313093312986,36313093537871,36313093865333,36313093951986,36313111013333,36313113690679,36313116202756,
0,36313109281942,36313109281942,9223372036854775807,0,36313114325756,36313114350640,36313114486410,36313114548140,36313114751179,36313116325756,36313116702910,36313118420756,36313127836102,
0,36313125968682,36313125968682,9223372036854775807,0,36313126818025,36313126840371,36313126976294,36313127035871,36313127227794,36313127951448,36313128640910,36313129953717,36313144979410,
0,36313142654532,36313142654532,9223372036854775807,0,36313143488986,36313143509179,36313143656794,36313143718063,36313143928833,36313145102371,36313145869025,36313147216563,36313161480948,
0,36313159339729,36313159339729,9223372036854775807,0,36313160289717,36313160311102,36313160477486,36313160542679,36313160849986,36313161603986,36313162529486,36313170217833,36313178398140,
0,36313176025816,36313176025816,9223372036854775807,0,36313176574217,36313176603217,36313176844025,36313176994256,36313177497640,36313178514409,36313179800756,36313181128871,36313194661833,
0,36313192711657,36313192711657,9223372036854775807,0,36313195042640,36313195076371,36313195415602,36313195782333,36313196517563,36313196641640,36313197369833,36313198614486,36313211979333,
0,36313209397567,36313209397567,9223372036854775807,0,36313210264179,36313210299140,36313210725986,36313210872371,36313211312294,36313212187833,36313213014948,36313214146333,36313228186717,
0,36313226083574,36313226083574,9223372036854775807,0,36313226545448,36313226574409,36313227102409,36313227264717,36313227748986,36313228307294,36313229153717,36313230324063,36313244973871,
0,36313242769763,36313242769763,9223372036854775807,0,36313243354371,36313243382640,36313243734409,36313243893448,36313245188640,36313245363525,36313245974909,36313247268871,36313261694140,
0,36313259455725,36313259455725,9223372036854775807,0,36313259955294,36313259985025,36313260741294,36313260905102,36313261387063,36313261795217,36313262622448,36313263567602,36313278335217,
0,36313276140490,36313276140490,9223372036854775807,0,36313276674140,36313276704256,36313277188063,36313277441179,36313278700448,36313278892179,36313279594871,36313280640179,36313295073448,
0,36313292826510,36313292826510,9223372036854775807,0,36313293341602,36313293371486,36313293612871,36313293741948,36313294627140,36313295181448,36313295932294,36313296981486,36313311380948,
0,36313309512428,36313309512428,9223372036854775807,0,36313309966525,36313309996448,36313310220409,36313310413948,36313310909448,36313311491679,36313312305871,36313313402563,36313327967486,
0,36313326197225,36313326197225,9223372036854775807,0,36313326968179,36313326999294,36313327307486,36313327449332,36313327940102,36313328198909,36313328959409,36313330153563,36313345139871,
0,36313342883140,36313342883140,9223372036854775807,0,36313343786794,36313343822102,36313344270102,36313344419294,36313344899871,36313345247948,36313346138679,36313347105640,36313361759679,
0,36313359569007,36313359569007,9223372036854775807,0,36313360266948,36313360303063,36313360477025,36313360620832,36313361268448,36313361859948,36313362361409,36313362849332,36313378251102,
0,36313376254959,36313376254959,9223372036854775807,0,36313377016640,36313377045563,36313377107832,36313377236602,36313377828409,36313378344409,36313378928025,36313379417217,36313395576986,
0,36313392940866,36313392940866,9223372036854775807,0,36313393706948,36313393741602,36313393812255,36313393936794,36313394515525,36313395659448,36313396183717,36313396633332,36313411354563,
0,36313409626847,36313409626847,9223372036854775807,0,36313410394909,36313410426909,36313410488563,36313410725179,36313411450986,36313411551332,36313411856563,36313412478679,36313428192102,
0,36313426312638,36313426312638,9223372036854775807,0,36313426702294,36313426730717,36313426785602,36313426964717,36313427521217,36313428280640,36313429255409,36313429683602,36313445715409,
0,36313442998476,36313442998476,9223372036854775807,0,36313443469409,36313443499755,36313443557679,36313443676640,36313444306679,36313445799063,36313446285409,36313446707563,36313461646486,
0,36313459684436,36313459684436,9223372036854775807,0,36313464943063,36313464970832,36313465025832,36313465126025,36313466323179,36313466558448,36313467141217,36313467576486,36313477968294,
0,36313476369171,36313476369171,9223372036854775807,0,36313476809332,36313476837525,36313476892948,36313477000909,36313477717794,36313478049179,36313478354217,36313478757679,36313495815217,
0,36313493053479,36313543053477,9223372036854775807,0,36313551721794,36313551740255,36313556475986,36313565976640,36313575809602,36313576063294,36313583011371,36313587489448,36313591004948,
0,36313643222327,36313643222327,9223372036854775807,0,36313644051448,36313644072678,36313644074101,36313647983371,36313655156948,36313655517101,36313658980063,36313663264525,36313666532640,
