0,7003846614623,7003879487731,9223372036854775807,0,7003892459646,7003892498415,7003892635184,7003892788184,7003892935338,7003893070723,7003893582184,7003896785877,7003899981107,
1,7003896009147,7003961755363,9223372036854775807,0,7003973539877,7003973588030,7003973591415,7004111828569,7004134528492,7004134681415,7004138987030,7004149461107,7004152378877,
0,7004159436690,7004159436690,9223372036854775807,0,7004173733877,7004173823492,7004173826877,7004215983030,7004234803338,7004234932492,7004238124723,7004247676723,7004250581877,
0,7006135234356,7006151670910,9223372036854775807,0,7006161008569,7006161039338,7006161271954,7006163070723,7006163813492,7006163905569,7006181486800,7006182971877,7006185205492,
0,7006171483759,7006171483759,9223372036854775807,0,7006183090492,7006183120800,7006183368492,7006183510031,7006183833107,7006185555646,7006185956338,7006187187184,7006191174723,
0,7006187921293,7006204357847,9223372036854775807,0,7006214015569,7006214046415,7006214259492,7006214385261,7006214758723,7006214829031,7006215229800,7006216640877,7006219096954,
0,7006217541304,7006217541304,9223372036854775807,0,7006217926800,7006217968261,7006218210954,7006218367107,7006218858261,7006219483569,7006220205569,7006221649261,7006235222723,
0,7006233978794,7006233978794,9223372036854775807,0,7006234296877,7006234328723,7006234576031,7006234695877,7006235057184,7006235558031,7006236139338,7006237506492,7006251673031,
0,7006250415469,7006250415469,9223372036854775807,0,7006250771184,7006250801338,7006251008415,7006251117338,7006251464338,7006252017877,7006252595492,7006253663107,7006267889031,
0,7006266852277,7006266852277,9223372036854775807,0,7006267205800,7006267237723,7006267468184,7006267586646,7006267953954,7006268218492,7006268697107,7006269653492,7006284514031,
0,7006283431582,7006283431582,9223372036854775807,0,7006283694031,7006283719107,7006283890031,7006283988723,7006284327338,7006284848184,7006285374415,7006286390569,7006301279415,
0,7006299895977,7006299895977,9223372036854775807,0,7006300325184,7006300352031,7006300551492,7006300652184,7006300966261,7006301744415,7006302513492,7006303574415,7006317584646,
0,7006316360035,7006316360035,9223372036854775807,0,7006316660646,7006316690569,7006316916108,7006317034338,7006317451108,7006317977184,7006318630415,7006319472108,7006333974108,
0,7006332825297,7006332825297,9223372036854775807,0,7006333117338,7006333150877,7006333361108,7006333476492,7006333874569,7006334293338,7006334885723,7006336101184,7006350321184,
0,7006349291372,7006349291372,9223372036854775807,0,7006349565415,7006349595415,7006349783569,7006349892954,7006350368415,7006350676184,7006351238954,7006352041723,7006366875338,
0,7006365756768,7006365756768,9223372036854775807,0,7006366057184,7006366090723,7006366305031,7006366428877,7006366890184,7006367201031,7006367729569,7006368620415,7006383198338,
0,7006382222026,7006382222026,9223372036854775807,0,7006382505646,7006382536031,7006382751338,7006382865800,7006383234184,7006383537184,7006384139646,7006385017800,7006399711338,
0,7006398687203,7006398687203,9223372036854775807,0,7006398970646,7006399000492,7006399208800,7006399333723,7006399728184,7006400158800,7006400774031,7006401538184,7006416232954,
0,7006415153489,7006415153489,9223372036854775807,0,7006415423492,7006415451031,7006415583184,7006415681800,7006416110954,7006416582569,7006416870954,7006417233800,7006432750184,
0,7006431618303,7006431618303,9223372036854775807,0,7006438334415,7006438360800,7006438396954,7006438485108,7006438828338,7006438894954,7006439060031,7006439437954,7006449114338,
0,7006448083833,7006448083833,9223372036854775807,0,7006448364415,7006448395108,7006448449184,7006448557415,7006449016954,7006449424646,7006449578954,7006449961954,7006465613800,
0,7006464548977,7006464548977,9223372036854775807,0,7006464827877,7006464856338,7006464902108,7006465002954,7006465440184,7006465920338,7006466110569,7006466507261,7006482247723,
0,7006481015512,7006481015512,9223372036854775807,0,7006488399800,7006488427800,7006488472031,7006488571723,7006489015261,7006489084108,7006489281492,7006489735184,7006498455954,
0,7006497480135,7006497480135,9223372036854775807,0,7006497777800,7006497809954,7006497873646,7006497988261,7006498428492,7006498759415,7006498934338,7006499339800,7006515158108,
0,7006513945235,7006513945235,9223372036854775807,0,7006519257184,7006519284723,7006519325031,7006519419415,7006519896569,7006519966723,7006520197954,7006520546108,7006531520184,
0,7006530410883,7006530410883,9223372036854775807,0,7006530689800,7006530717569,7006530772031,7006530867261,7006531275877,7006531874569,7006532071646,7006532353723,7006548923569,
0,7006546876303,7006612622519,9223372036854775807,0,7006613820877,7006613853338,7006618670415,7006622481800,7006636616723,7006636721569,7006639628184,7006643783261,7006646139108,
0,7006662131325,7006695004433,9223372036854775807,0,7006696335108,7006696369646,7006696371338,7006778590108,7006788797108,7006788902492,7006791235800,7006794784338,7006797030569,
0,7011650393699,7011650393699,9223372036854775807,0,7011650780800,7011650818339,7011650821339,7011650969492,7011665911723,7011666064262,7011666776646,7011671136185,7011674718262,
0,7011700463579,7011700463579,9223372036854775807,0,7011712759492,7011712797800,7011712800800,7011712974569,7011713438646,7011713935108,7011714519108,7011718837108,7011726805569,
1,7011782609690,7011831919352,9223372036854775807,0,7011840929723,7011840959954,7011840961416,7011897616569,7011913338108,7011913434031,7011933467800,7011934145185,7011937386569,
0,7011897954254,7011947263916,9223372036854775807,0,7011954777492,7011954823800,7011954825646,7011956411416,7011958586723,7011958680646,7011959099262,7011959525185,7011963331185,
0,7011963871893,7011996745001,9223372036854775807,0,7011998864339,7011998912723,7011999231185,7011999403031,7011999959262,7012000170492,7012001211108,7012003454416,7012006570877,
0,7012013155054,7012029591608,9223372036854775807,0,7012038115108,7012038174646,7012038432262,7012038600185,7012039114031,7012039211339,7012039753492,7012041189492,7012045586339,
0,7012046132746,7012046132746,9223372036854775807,0,7012046796031,7012046844031,7012047099954,7012047277031,7012047719108,7012047905185,7012048434339,7012052879646,7012057910954,
0,7012062628540,7012062628540,9223372036854775807,0,7012063196416,7012063239646,7012063487800,7012063654416,7012063982492,7012064131954,7012064646185,7012066167954,7012069051031,
0,7012079065229,7012079065229,9223372036854775807,0,7012079691646,7012079733877,7012079981800,7012080211954,7012080529262,7012081081646,7012081627185,7012083259646,7012086706031,
0,7012095451720,7012095451720,9223372036854775807,0,7012100242031,7012100283646,7012100515031,7012100665723,7012100948031,7012104392954,7012105832954,7012107322492,7012111124031,
0,7012111889056,7012111889056,9223372036854775807,0,7012112703262,7012112751108,7012112975723,7012113152262,7012113487262,7012119556108,7012120958800,7012122475492,7012125964646,
0,7012128327187,7012128327187,9223372036854775807,0,7012129057800,7012129099492,7012137244416,7012137470262,7012137833800,7012137967723,7012138492492,7012140797339,7012143367646,
0,7012144918439,7012144918439,9223372036854775807,0,7012145345877,7012145386954,7012145633877,7012145872492,7012146108492,7012146197262,7012146523492,7012147997031,7012149666262,
0,7012161380180,7012161380180,9223372036854775807,0,7012161705800,7012161743108,7012161923108,7012162059416,7012162307800,7012162381954,7012162763877,7012164789954,7012166607877,
0,7012177846881,7012177846881,9223372036854775807,0,7012178146185,7012178178646,7012178342954,7012178471569,7012178703646,7012178776416,7012179145031,7012181242954,7012183147492,
0,7012194312336,7012194312336,9223372036854775807,0,7012194625108,7012194656954,7012194838262,7012194965262,7012195205339,7012195276800,7012195649416,7012197629646,7012199492108,
0,7012210778852,7012210778852,9223372036854775807,0,7012211048339,7012211074723,7012211213569,7012211319108,7012212029185,7012212101569,7012212478800,7012214480416,7012216360185,
0,7012227245877,7012227245877,9223372036854775807,0,7012227557492,7012227592877,7012227775569,7012227909569,7012228139569,7012228211954,7012228587108,7012230618569,7012232461185,
0,7012243710560,7012243710560,9223372036854775807,0,7012244047108,7012244078031,7012244260800,7012244392569,7012244515954,7012244627339,7012245079723,7012247889185,7012249909877,
0,7012260180065,7012260180065,9223372036854775807,0,7012275213723,7012275218031,7012275422262,7012275540416,7012275551262,7012275633569,7012276043492,7012277942031,7012280803569,
1,7012276644568,7012391700446,9223372036854775807,0,7012398408031,7012398476877,7012398511800,7012500532954,7012514794031,7012514913262,7012518256108,7012524715108,7012526965416,
0,7012556561223,7012572997777,9223372036854775807,0,7012580329339,7012580365569,7012580367185,7012590868108,7012602524031,7012602653262,7012606769262,7012620479108,7012623617800,
0,7013814437507,7013847310615,9223372036854775807,0,7013847783723,7013847821493,7013848111646,7013849887723,7013850753800,7013850841031,7013865093569,7013866521108,7013868752569,
0,7013857321984,7013857321984,9223372036854775807,0,7013866695800,7013866723493,7013866968031,7013867094954,7013867415800,7013869162031,7013869548031,7013871088185,7013881434877,
0,7013880187734,7013880187734,9223372036854775807,0,7013880467723,7013880494339,7013880689723,7013880792108,7013881124954,7013881761339,7013882282031,7013883631339,7013891813723,
0,7013890247865,7013906684419,9223372036854775807,0,7013910451416,7013910485646,7013910699569,7013910814646,7013911152569,7013911218493,7013911582493,7013912648800,7013914986569,
0,7013923122748,7013923122748,9223372036854775807,0,7013924141108,7013924172877,7013924412416,7013924533416,7013924929646,7013925004031,7013925395646,7013926404185,7013928437646,
0,7013939559953,7013939559953,9223372036854775807,0,7013939924954,7013939957493,7013940240493,7013940372954,7013940760800,7013940826877,7013941213877,7013942306877,7013944283185,
0,7013955997237,7013955997237,9223372036854775807,0,7013964419723,7013964455108,7013964674185,7013964797262,7013965177262,7013965246339,7013965603339,7013966560954,7013968546877,
0,7013972580325,7013972580325,9223372036854775807,0,7013972866416,7013972894877,7013973093569,7013973196877,7013973511493,7013973568954,7013973888646,7013974784723,7013976608646,
0,7013989045114,7013989045114,9223372036854775807,0,7013989378339,7013989407723,7013989625800,7013989729185,7013990076031,7013990145262,7013990489185,7013991296954,7013993210108,
0,7014005510359,7014005510359,9223372036854775807,0,7014012913954,7014012944262,7014013122185,7014013231569,7014013588646,7014013654954,7014014123723,7014015085108,7014017443877,
0,7014021976086,7014021976086,9223372036854775807,0,7014022317954,7014022351262,7014022610877,7014022734954,7014023123185,7014023215569,7014023626416,7014024649877,7014026699031,
0,7014038442454,7014038442454,9223372036854775807,0,7014046566723,7014046595800,7014046777416,7014046911646,7014047327339,7014047398185,7014047775646,7014048552800,7014050722954,
0,7014054908709,7014054908709,9223372036854775807,0,7014055203723,7014055237493,7014055451339,7014055577185,7014055938339,7014056001185,7014056371185,7014057148800,7014058987108,
0,7014071373143,7014071373143,9223372036854775807,0,7014071659108,7014071687339,7014071887031,7014071986877,7014072296339,7014072353339,7014072678185,7014073403262,7014075269339,
0,7014087840344,7014087840344,9223372036854775807,0,7014095321493,7014095354339,7014095572185,7014095709954,7014096068954,7014096145570,7014096386493,7014096911570,7014099167646,
0,7014104306418,7014104306418,9223372036854775807,0,7014104587262,7014104616493,7014104784108,7014104882646,7014105279877,7014105341416,7014105406800,7014105733877,7014107765954,
0,7014120771809,7014120771809,9223372036854775807,0,7014121051493,7014121078954,7014121135416,7014121233646,7014121626570,7014121687262,7014121741646,7014122079800,7014123819262,
0,7014137239251,7014137239251,9223372036854775807,0,7014144039723,7014144082185,7014144142877,7014144256954,7014144789031,7014144856339,7014144912185,7014145269570,7014147190339,
0,7014153703607,7014153703607,9223372036854775807,0,7014153979339,7014154007416,7014154062723,7014154159493,7014154603800,7014154664570,7014154717416,7014155074108,7014156838723,
0,7014170169630,7014170169630,9223372036854775807,0,7014170483262,7014170515185,7014170579493,7014170689570,7014171181493,7014171253800,7014171329416,7014171752570,7014173666108,
0,7014186636985,7014186636985,9223372036854775807,0,7014192438185,7014192467185,7014192512262,7014192613877,7014193147646,7014193221185,7014193282031,7014193633185,7014195816339,
0,7014203100832,7014203100832,9223372036854775807,0,7014203386570,7014203414339,7014203469031,7014203567339,7014203917570,7014203974723,7014204035723,7014204360262,7014206460262,
0,7014219568012,7014252441120,9223372036854775807,0,7014259103493,7014259139185,7014264933031,7014268481646,7014290289031,7014290389416,7014294383031,7014298369185,7014300890493,
0,7014318356641,7014351229749,9223372036854775807,0,7014359048723,7014359085646,7014359087493,7014433151108,7014443398262,7014443510723,7014445768416,7014449631339,7014452129262,
0,7019735381106,7019735381106,9223372036854775807,0,7019735784724,7019735821647,7019735824647,7019735975185,7019748279031,7019748426493,7019749129724,7019753951724,7019757825108,
0,7019784727956,7019784727956,9223372036854775807,0,7019796311108,7019796348724,7019796351724,7019796508570,7019796986724,7019797143570,7019797729493,7019802364570,7019809323801,
1,7019850622975,7019899932637,9223372036854775807,0,7019908892493,7019908935031,7019908937262,7019968012416,7019986653262,7019986746724,7020006853647,7020007528416,7020010660724,
0,7019965874189,7020015183851,9223372036854775807,0,7020027400493,7020027439339,7020027441416,7020028623878,7020031001031,7020031095108,7020031553724,7020032030954,7020034266493,
0,7020031742157,7020064615265,9223372036854775807,0,7020074624262,7020074677647,7020075031339,7020075219954,7020075817416,7020075922108,7020076527954,7020078925570,7020084857878,
0,7020081114917,7020097551471,9223372036854775807,0,7020113495108,7020113546262,7020113784878,7020113959878,7020114495878,7020114598339,7020115188801,7020116549108,7020119725416,
0,7020130514826,7020130514826,9223372036854775807,0,7020130963031,7020131009339,7020131271647,7020131452647,7020131887878,7020131986647,7020132591339,7020136118493,7020139834108,
0,7020146977476,7020146977476,9223372036854775807,0,7020147499185,7020147541724,7020147780647,7020147950878,7020148280416,7020148375339,7020148941185,7020150747647,7020155003493,
0,7020163440126,7020163440126,9223372036854775807,0,7020163977493,7020164023416,7020164283570,7020164461108,7020164816954,7020164926570,7020165496493,7020167374416,7020173336724,
0,7020179879064,7020179879064,9223372036854775807,0,7020185714185,7020185759493,7020186278954,7020186452185,7020186858724,7020186978570,7020187533954,7020189976954,7020195172185,
0,7020196452245,7020196452245,9223372036854775807,0,7020206805339,7020206851108,7020207329647,7020207506416,7020207915031,7020208035416,7020208603339,7020211201416,7020215368031,
0,7020212900026,7020212900026,9223372036854775807,0,7020222781185,7020222833262,7020223073647,7020223237185,7020223552570,7020223879416,7020224408647,7020226695647,7020231811570,
0,7020229311969,7020229311969,9223372036854775807,0,7020230378878,7020230419724,7020230623339,7020230866878,7020231221724,7020232339262,7020233175801,7020236623954,7020247450724,
0,7020245770943,7020245770943,9223372036854775807,0,7020246169801,7020246209724,7020246432954,7020246585801,7020246868801,7020247978878,7020248736724,7020252027570,7020263973185,
0,7020262229979,7020262229979,9223372036854775807,0,7020262650954,7020262691262,7020262924262,7020263078954,7020263382031,7020264824570,7020265569801,7020268549801,7020280392647,
0,7020278691111,7020278691111,9223372036854775807,0,7020279063185,7020279101647,7020279317801,7020279470878,7020280228185,7020280934108,7020281661031,7020284851416,7020296836185,
0,7020295153124,7020295153124,9223372036854775807,0,7020295541493,7020295578878,7020295801801,7020295959570,7020296226262,7020297353108,7020298079878,7020301204724,7020313202724,
0,7020311616001,7020311616001,9223372036854775807,0,7020312007954,7020312046262,7020312268724,7020312428724,7020312579031,7020314022801,7020314878493,7020318044647,7020330391724,
0,7020328079363,7020360952471,9223372036854775807,0,7020375950339,7020375955954,7020376859570,7020377003801,7020377016339,7020377134416,7020377629878,7020379870108,7020385187801,
1,7020393952837,7020459699053,9223372036854775807,0,7020460932570,7020460975801,7020460978724,7020589511955,7020620390339,7020620499108,7020624799108,7020635265262,7020638795647,
0,7020640857710,7020640857710,9223372036854775807,0,7020652282955,7020652324647,7020652327724,7020675118031,7020706132878,7020706342031,7020709691108,7020719791108,7020722758262,
0,7022748417507,7022764854061,9223372036854775807,0,7022773299878,7022773331185,7022773575262,7022775424339,7022776226647,7022776314570,7022791944185,7022793399416,7022795611955,
0,7022788784384,7022788784384,9223372036854775807,0,7022793466262,7022793494955,7022793747647,7022793892493,7022794229570,7022795948724,7022796348185,7022797553108,7022806486032,
0,7022805222915,7022805222915,9223372036854775807,0,7022805491570,7022805521724,7022805720647,7022805822955,7022806148032,7022806813262,7022807301108,7022808431493,7022832222647,
0,7022830718537,7022830718537,9223372036854775807,0,7022831109570,7022831150570,7022831415724,7022831547724,7022831967878,7022832574032,7022833128108,7022834433724,7022848368185,
0,7022847155991,7022847155991,9223372036854775807,0,7022847775185,7022847808724,7022848067416,7022848189108,7022848565339,7022848747108,7022849258647,7022850517416,7022864902955,
0,7022863593615,7022863593615,9223372036854775807,0,7022863968724,7022864002185,7022864244032,7022864354032,7022864740878,7022865288339,7022865775262,7022866643339,7022881187416,
0,7022880031222,7022880031222,9223372036854775807,0,7022880371416,7022880398955,7022880593955,7022880697493,7022881016416,7022881478032,7022881936878,7022882910032,7022897627801,
0,7022896610234,7022896610234,9223372036854775807,0,7022896924955,7022896957878,7022897188878,7022897306724,7022897666570,7022897955185,7022898415416,7022899360032,7022914272955,
0,7022913078471,7022913078471,9223372036854775807,0,7022913370262,7022913398493,7022913594724,7022913703185,7022914070878,7022914582570,7022915061032,7022915986185,7022930775416,
0,7022929542364,7022929542364,9223372036854775807,0,7022929850801,7022929885339,7022930207185,7022930343032,7022930774339,7022931104955,7022931710570,7022932874108,7022947059878,
0,7022946008847,7022946008847,9223372036854775807,0,7022946325108,7022946357185,7022946588108,7022946704339,7022947087801,7022947418339,7022947946262,7022948782032,7022963541032,
0,7022962475034,7022962475034,9223372036854775807,0,7022962725647,7022962748108,7022962908647,7022963002955,7022963331955,7022963855570,7022964393801,7022965272647,7022979895032,
0,7022978940590,7022978940590,9223372036854775807,0,7022979228108,7022979258570,7022979468262,7022979580570,7022979953032,7022980331955,7022980849339,7022981670647,7022996373955,
0,7022995406636,7022995406636,9223372036854775807,0,7022995683416,7022995710878,7022995909570,7022996016647,7022996361724,7022996697493,7022997220724,7022998052493,7023012844339,
0,7023011872979,7023011872979,9223372036854775807,0,7023012114647,7023012135801,7023012284262,7023012368878,7023012634647,7023013163724,7023013649493,7023014412801,7023029428955,
0,7023028340578,7023028340578,9223372036854775807,0,7023028593032,7023028615339,7023028731185,7023028810262,7023029222262,7023029745262,7023030063262,7023030439339,7023045836493,
0,7023044805863,7023044805863,9223372036854775807,0,7023045101570,7023045130108,7023045181801,7023045286647,7023045740032,7023046149724,7023046315570,7023046658493,7023062290724,
0,7023061271839,7023061271839,9223372036854775807,0,7023061513262,7023061537493,7023061570339,7023061657493,7023062021801,7023062599878,7023062773647,7023063102416,7023078755955,
0,7023077737943,7023077737943,9223372036854775807,0,7023078009339,7023078035493,7023078077032,7023078174878,7023078621955,7023079080493,7023079286801,7023079624570,7023095245878,
0,7023094204357,7023094204357,9223372036854775807,0,7023094455185,7023094479493,7023094523032,7023094609570,7023094986493,7023095576570,7023095779955,7023096156493,7023111751339,
0,7023110670107,7023110670107,9223372036854775807,0,7023110972262,7023111004416,7023111060724,7023111176801,7023111638493,7023112087493,7023112275416,7023112646878,7023128245416,
0,7023127136422,7023127136422,9223372036854775807,0,7023127389339,7023127411724,7023127443416,7023127534955,7023128126185,7023128586416,7023128781955,7023129124262,7023144610185,
0,7023143602642,7023143602642,9223372036854775807,0,7023143846185,7023143867801,7023143903416,7023143979801,7023144229647,7023144901262,7023145083416,7023145465109,7023161244339,
0,7023160069644,7023192942752,9223372036854775807,0,7023195417878,7023195449647,7023200319185,7023203826339,7023219781339,7023219902185,7023222834570,7023226559570,7023229047878,
0,7023242396848,7023258833402,9223372036854775807,0,7023263385570,7023263417955,7023263419647,7023338370801,7023348875339,7023348993724,7023351465262,7023355170262,7023357883955,
