0,36434191752638,36434191752638,36434174000000,36434177000000,36434194158977,36434195771592,36434197716092,36434197848900,36434198768208,36434198901938,36434200432592,36434204381246,36434210788746,
0,36434208410399,36434208410399,36434201000000,36434201000000,36434209282861,36434210190631,36434213752708,36434213960900,36434215109169,36434215250977,36434218154438,36434222244477,36434228312092,
0,36434225067960,36434225067960,36434215000000,36434220067960,36434226034208,36434228862938,36434228877131,36434229139861,36434230102746,36434230226746,36434232950015,36434236292900,36434243954746,
0,36434241723866,36434241723866,36434234000000,36434236723866,36434242193323,36434242999669,36434243026361,36434243077592,36434243187284,36434244282015,36434245343708,36434249049054,36434261753169,
0,36434258507297,36434258507297,36434249000000,36434253507297,36434259608015,36434263371631,36434263386323,36434263438092,36434264425246,36434264543784,36434267200515,36434270526707,36434277923131,
0,36434275163575,36434275163575,36434268000000,36434270163575,36434275572054,36434276409169,36434276434707,36434276483477,36434276589669,36434278108515,36434279140515,36434282640592,36434294010169,
0,36434291820879,36434291820879,36434282000000,36434286820879,36434292248784,36434296453554,36434296469477,36434296745707,36434297961131,36434298118361,36434300284477,36434303810015,36434310558207,
0,36434308476891,36434308476891,36434302000000,36434303476891,36434313139246,36434313867477,36434313894554,36434313950131,36434314061977,36434314165207,36434315274977,36434320735515,36434328471631,
0,36434325128363,36434325128363,36434319000000,36434320128363,36434329744015,36434330489784,36434330516669,36434330565707,36434330680784,36434330796938,36434331867592,36434335416400,36434343891631,
0,36434341731588,36434341731588,36434336000000,36434336731588,36434342481015,36434344164746,36434344221631,36434344304246,36434344449361,36434344735015,36434346473477,36434350077054,36434361434400,
0,36434358389186,36434358389186,9223372036854775807,0,36434358730246,36434358739823,36434358885323,36434358940746,36434359052746,36434361609169,36434362518746,36434366464092,36434377299054,
0,36434375046879,36434375046879,9223372036854775807,0,36434375394323,36434375396938,36434375557630,36434375615092,36434375729015,36434377497977,36434378572477,36434381690323,36434393822400,
0,36434391704491,36434391704491,9223372036854775807,0,36434392409361,36434392428746,36434392630015,36434392686054,36434392796054,36434394029015,36434395040246,36434398095054,36434410039284,
0,36434408362388,36434408362388,9223372036854775807,0,36434411589746,36434411607323,36434411741938,36434411793015,36434411891707,36434411977938,36434413127438,36434416513823,36434427304900,
0,36434425035562,36434425035562,9223372036854775807,0,36434425515823,36434425533823,36434430376169,36434430692438,36434431951900,36434432170246,36434434148746,36434437384784,36434443703554,
0,36434441691672,36434441691672,9223372036854775807,0,36434444393592,36434444412284,36434446036438,36434446122015,36434446234361,36434446374130,36434447483246,36434451146900,36434460486707,
0,36434458349177,36434458349177,9223372036854775807,0,36434459224015,36434459244015,36434459448592,36434459509861,36434459643246,36434460695246,36434462557938,36434467237938,36434477686592,
0,36434475004376,36434475004376,9223372036854775807,0,36434475961323,36434475981323,36434476247053,36434476315553,36434476441900,36434477869015,36434478782323,36434482319169,36434494180053,
0,36434491661862,36434491661862,9223372036854775807,0,36434493284707,36434493380746,36434496860669,36434497064515,36434498216900,36434498339092,36434500109361,36434503112053,36434511981053,
0,36434508352379,36434508352379,36434491000000,36434493000000,36434508698284,36434509531477,36434511504361,36434511645592,36434512627938,36434512761323,36434514332746,36434517381592,36434526992477,
0,36434525014956,36434525014956,36434515000000,36434515000000,36434525835553,36434526835477,36434526899515,36434526949900,36434527086938,36434527234092,36434528564323,36434531563323,36434544139900,
0,36434541677879,36434541677879,36434532000000,36434536677879,36434542710515,36434545372669,36434545386592,36434545442938,36434546356246,36434546464630,36434549138015,36434552681092,36434561397323,
0,36434558340285,36434558340285,36434551000000,36434553340285,36434558973707,36434564137361,36434564154015,36434564362823,36434565527669,36434565643438,36434567304207,36434570736900,36434577129977,
0,36434575003029,36434575003029,36434569000000,36434570003029,36434575341246,36434576076977,36434576097592,36434576144477,36434576231746,36434577352015,36434578347746,36434582383707,36434594119476,
0,36434591664986,36434591664986,36434581000000,36434586664986,36434593020092,36434597389053,36434597405092,36434597633938,36434598652976,36434598783130,36434600296515,36434603537515,36434610419938,
0,36434608327680,36434608327680,36434602000000,36434602000000,36434609237976,36434610860746,36434610901515,36434610964784,36434611192592,36434611319823,36434612957284,36434617161130,36434627123669,
0,36434624990314,36434624990314,36434616000000,36434619990314,36434627546515,36434629109092,36434629151515,36434629216976,36434629364207,36434629491900,36434630702438,36434634396938,36434645454938,
0,36434641652547,36434641652547,36434634000000,36434636652547,36434642400707,36434647101476,36434647118823,36434647352707,36434648679438,36434648900207,36434651038861,36434655335130,36434661692246,
0,36434658314474,36434658314474,36434652000000,36434653314474,36434659581169,36434660671130,36434660699130,36434660766284,36434660877976,36434661895976,36434663112207,36434667302823,36434677957092,
0,36434674977118,36434674977118,9223372036854775807,0,36434675893669,36434675916323,36434676215861,36434676291823,36434676443361,36434678144976,36434679199707,36434682258361,36434694066092,
0,36434691639640,36434691639640,9223372036854775807,0,36434695201399,36434695203976,36434699651323,36434699957092,36434701200207,36434701572823,36434703568130,36434706970823,36434710689669,
0,36434708302151,36434708302151,9223372036854775807,0,36434712926976,36434712944399,36434713076630,36434713124476,36434713231092,36434713555015,36434714603438,36434718262630,36434728462746,
0,36434724964707,36434724964707,9223372036854775807,0,36434725766361,36434725786207,36434730987246,36434731302899,36434732608784,36434732723476,36434734449015,36434737928323,36434744530899,
0,36434741587299,36434741587299,9223372036854775807,0,36434742445976,36434742466669,36434742814169,36434742873553,36434743008553,36434744719053,36434745865361,36434748973976,36434760733207,
0,36434758249138,36434758249138,9223372036854775807,0,36434761182053,36434761200938,36434761336207,36434761388784,36434761494899,36434761902361,36434762819861,36434766331592,36434777952476,
0,36434774911734,36434774911734,9223372036854775807,0,36434775270015,36434775288169,36434775424323,36434775472130,36434775584515,36434778134899,36434779262053,36434782596246,36434793658784,
0,36434791574037,36434791574037,9223372036854775807,0,36434794421592,36434794440169,36434798526784,36434798851015,36434800120630,36434800595476,36434802365592,36434805923861,36434810341322,
0,36434808236558,36434808236558,9223372036854775807,0,36434810248169,36434810268284,36434810547476,36434810607246,36434810712669,36434810851746,36434811892938,36434815060746,36434827259553,
0,36434824887011,36434824887011,9223372036854775807,0,36434825673746,36434825693861,36434825897976,36434825955669,36434826092361,36434827611361,36434828871169,36434833441438,36434843342784,
0,36434841547322,36434841547322,9223372036854775807,0,36434844515361,36434844578899,36434844698938,36434844750399,36434844856284,36434844948476,36434846049861,36434849535707,36434860416284,
0,36434858209180,36434858209180,36434837000000,36434840000000,36434863365630,36434866896553,36434866948630,36434867319130,36434868477861,36434868653707,36434870532822,36434874366553,36434878128284,
0,36434874871220,36434874871220,9223372036854775807,0,36434875244899,36434875290592,36434875490284,36434875542669,36434875650169,36434878311976,36434879072476,36434882408322,36434893819746,
0,36434891532792,36434891532792,36434872000000,36434872000000,36434892514592,36434894238784,36434894310553,36434894369822,36434894484976,36434894598784,36434895614784,36434898733399,36434910490899,
0,36434908194720,36434908194720,36434900000000,36434900000000,36434910639707,36434912180515,36434912245976,36434912302284,36434912413630,36434912666130,36434913883592,36434917297015,36434927610899,
0,36434924856370,36434924856370,36434917000000,36434919856370,36434925208361,36434926779092,36434926852553,36434926922784,36434927059592,36434927805592,36434929089707,36434931858015,36434944726361,
0,36434941516894,36434941516894,36434932000000,36434936516894,36434942712630,36434948219207,36434948281784,36434948481053,36434949704822,36434949885476,36434951574169,36434955143361,36434960564976,
0,36434958178956,36434958178956,36434953000000,36434953000000,36434958538669,36434959231938,36434959277784,36434959329515,36434959485861,36434960760592,36434961771245,36434965477245,36434977140784,
0,36434974840634,36434974840634,36434967000000,36434969840634,36434979452015,36434980532861,36434984286322,36434984524515,36434985773438,36434986018207,36434988408476,36434992608515,36434996613322,
0,36434991501551,36434991501551,36434985000000,36434986501551,36434992455707,36434993620784,36434993673630,36434993728438,36434993820015,36434996893322,36434997894322,36435001408399,36435010953322,
0,36435008163457,36435008163457,36434999000000,36435003163457,36435008862169,36435014415515,36435014619745,36435014921053,36435016270784,36435016410092,36435018573707,36435024205976,36435026954245,
0,36435024824819,36435024824819,36435019000000,36435019824819,36435027508938,36435028302245,36435031884284,36435032188092,36435033437284,36435033586092,36435035420938,36435039085553,36435045166476,
0,36435041486533,36435041486533,9223372036854775807,0,36435041822245,36435041831207,36435042086707,36435042134976,36435042220668,36435045354322,36435046248976,36435049721745,36435060567438,
0,36435058148083,36435058148083,9223372036854775807,0,36435058521015,36435058524976,36435058671322,36435058724438,36435058833707,36435060766092,36435061709592,36435065203861,36435077025207,
0,36435074809782,36435074809782,9223372036854775807,0,36435077785284,36435077802861,36435079742630,36435079937515,36435080902092,36435081051322,36435083575707,36435087700207,36435094130899,
0,36435091471568,36435091471568,9223372036854775807,0,36435092282899,36435092303399,36435097067207,36435097368938,36435098631322,36435098766168,36435100810322,36435103740668,36435111248438,
0,36435108104897,36435108104897,9223372036854775807,0,36435108404322,36435108420438,36435108656053,36435108700938,36435108837707,36435111430130,36435112597399,36435115720092,36435127294745,
0,36435124764912,36435124764912,9223372036854775807,0,36435126829553,36435126850976,36435127014284,36435127077284,36435127183822,36435127492015,36435128758745,36435131902591,36435143659091,
0,36435141424923,36435141424923,9223372036854775807,0,36435143395784,36435143416707,36435143591707,36435143652476,36435143766438,36435143870207,36435145084130,36435148643091,36435161959822,
0,36435158084932,36435158084932,9223372036854775807,0,36435160208515,36435160228361,36435164351091,36435164659399,36435165846322,36435165988476,36435168309630,36435171380015,36435177740322,
0,36435174744525,36435174744525,9223372036854775807,0,36435175049438,36435175094284,36435175198668,36435175248938,36435175347476,36435177921784,36435179037207,36435182953515,36435194952091,
0,36435191401978,36435191401978,36435172000000,36435174500000,36435191882399,36435196138553,36435199024245,36435199292976,36435201359861,36435201578091,36435204777015,36435209050168,36435211784784,
0,36435208060227,36435208060227,36435201000000,36435201000000,36435212805168,36435213587207,36435216930207,36435217136207,36435218699822,36435218834822,36435220660361,36435223932245,36435227043938,
0,36435224719580,36435224719580,36435219000000,36435219719580,36435226962053,36435227775976,36435227805784,36435227859168,36435227974514,36435228093707,36435228832861,36435232441091,36435243459361,
0,36435241378313,36435241378313,36435233000000,36435236378313,36435241889399,36435245519245,36435245533553,36435245580707,36435246496207,36435246687245,36435248867784,36435250314976,36435260115591,
0,36435258037461,36435258037461,36435250000000,36435253037461,36435260901438,36435261857091,36435261890514,36435261942399,36435262052399,36435262208630,36435262941938,36435264281014,36435277185707,
0,36435274695736,36435274695736,36435268000000,36435269695736,36435276073553,36435278174591,36435278204130,36435278251630,36435278347822,36435278503438,36435279218091,36435280519514,36435293704822,
0,36435291354168,36435291354168,36435283000000,36435286354168,36435292185745,36435296336861,36435296349976,36435296538284,36435297901207,36435298063168,36435299037668,36435300717591,36435309904630,
0,36435308014383,36435308014383,36435301000000,36435303014383,36435308806591,36435309534284,36435309555784,36435309599591,36435309695284,36435310004130,36435310699245,36435311762207,36435327532745,
0,36435324666149,36435324666149,36435314000000,36435319666149,36435325022399,36435327437976,36435327451668,36435327499053,36435328314207,36435328410745,36435330892822,36435334530937,36435343233284,
0,36435341326055,36435341326055,36435333000000,36435336326055,36435344578437,36435345709168,36435345740591,36435345785245,36435345886553,36435346114130,36435347172245,36435351416130,36435361855399,
0,36435357985947,36435357985947,9223372036854775807,0,36435358806476,36435358826707,36435362675668,36435362892553,36435364118591,36435364243437,36435366086976,36435369350630,36435378114591,
0,36435374645754,36435374645754,9223372036854775807,0,36435378599707,36435378602322,36435378848361,36435378902207,36435379008707,36435379102130,36435380270399,36435383602668,36435392943091,
0,36435391305393,36435391305393,9223372036854775807,0,36435393755899,36435393772053,36435398289476,36435398614553,36435399820437,36435400077553,36435401861207,36435405111937,36435410077553,
0,36435407985187,36435407985187,9223372036854775807,0,36435408323361,36435408340476,36435408471322,36435408515707,36435408607630,36435410280091,36435411336937,36435414680745,36435426587437,
0,36435424644610,36435424644610,9223372036854775807,0,36435426840091,36435426859014,36435429242091,36435429296784,36435430267091,36435430407130,36435433092707,36435436568514,36435444329668,
0,36435441305124,36435441305124,9223372036854775807,0,36435441711322,36435441727360,36435441825591,36435441872207,36435441960860,36435444510784,36435445490899,36435448648207,36435461676591,
0,36435841160730,36435841160730,36435834000000,36435834000000,36435842053553,36435842311899,36435842314014,36435842374976,36435842560206,36435842664860,36435843422937,36435846665860,36435849696476,
0,36435857820549,36435857820549,36435851000000,36435852820549,36435858274014,36435858512014,36435858514283,36435858573937,36435858762168,36435858882129,36435859611245,36435862871053,36435866495014,
0,36435874480439,36435874480439,36435864000000,36435869480439,36435875015129,36435875713514,36435875721745,36435875870899,36435876402552,36435876603399,36435877277360,36435880380822,36435883279399,
0,36435891140291,36435891140291,36435880000000,36435886140291,36435891882360,36435892446629,36435892453822,36435892599668,36435893019206,36435893137668,36435893824783,36435897270668,36435900224206,
0,36435907800293,36435907800293,36435898000000,36435902800293,36435908309360,36435908969937,36435908976937,36435909121283,36435909579552,36435909655937,36435910359437,36435913499552,36435916431245,
0,36435924460222,36435924460222,36435915000000,36435919460222,36435924987245,36435925491860,36435925500437,36435925644860,36435926134437,36435926332629,36435927043360,36435930391091,36435933254245,
0,36435941120646,36435941120646,36435931000000,36435936120646,36435941625437,36435942117283,36435942125091,36435942486822,36435942902283,36435942960052,36435943745091,36435946920552,36435950451360,
0,36435957781118,36435957781118,9223372036854775807,0,36435958269168,36435958299399,36435958301668,36435958434014,36435959046629,36435959134783,36435959842168,36435963030283,36435965982899,
0,36435974441457,36435974441457,9223372036854775807,0,36435974997283,36435975028822,36435975031245,36435975160629,36435975677514,36435975816283,36435976604783,36435979595475,36435982900629,
0,36435991102348,36435991102348,9223372036854775807,0,36435998646245,36435998663937,36435998665629,36435998729822,36435998929668,36435999037783,36435999753168,36436003118937,36436006032129,
0,36436007762928,36436007762928,9223372036854775807,0,36436008700668,36436008722091,36436008723783,36436008803822,36436009067745,36436009303322,36436009999129,36436012940860,36436015464091,
0,36436024423656,36436024423656,9223372036854775807,0,36436025317629,36436025338899,36436025340629,36436025420129,36436025678783,36436025785706,36436026488514,36436029700591,36436032391899,
0,36436041084645,36436041084645,9223372036854775807,0,36436041948899,36436041970322,36436041972591,36436042054360,36436042319014,36436042428629,36436043141591,36436047140014,36436049957668,
0,36436057745563,36436057745563,9223372036854775807,0,36436058626399,36436058647168,36436058648822,36436058730052,36436058985014,36436059092014,36436059797514,36436063117899,36436066052783,
0,36436074405431,36436074405431,9223372036854775807,0,36436075405399,36436075425014,36436075426668,36436075508014,36436075780283,36436075876052,36436076712245,36436080292014,36436083169245,
0,36436091066113,36436091066113,9223372036854775807,0,36436091505783,36436091857014,36436091864898,36436092070822,36436092450437,36436092521129,36436093223591,36436096362360,36436099363898,
0,36436107727152,36436107727152,36436090000000,36436092000000,36436108570245,36436110085245,36436110092245,36436110480975,36436110711783,36436110816629,36436111507860,36436114677668,36436117773629,
0,36438031709941,36438031709941,9223372036854775807,0,36438037259282,36438037278936,36438037378974,36438038905820,36438039106859,36438039190012,36438046285243,36438049065089,36438053529474,
0,36438048376607,36438048376607,9223372036854775807,0,36438051709589,36438051726974,36438051869628,36438051922897,36438052118666,36438053662474,36438054014282,36438056000051,36438059450166,
0,36438065044432,36438065044432,9223372036854775807,0,36438065608743,36438065622974,36438065719628,36438065768512,36438065875897,36438065964320,36438066320666,36438067750589,36438076441743,
0,36438091103443,36438091103443,9223372036854775807,0,36438091979936,36438091996705,36438092204743,36438092266512,36438092387705,36438092448974,36438093009436,36438094235666,36438097347166,
0,36438107770497,36438107770497,9223372036854775807,0,36438108605243,36438108623551,36438108785012,36438108838820,36438108953859,36438109045666,36438109400628,36438110523820,36438113077705,
0,36438124437796,36438124437796,9223372036854775807,0,36438125196359,36438125214012,36438125379320,36438125435628,36438125548782,36438125672705,36438126023859,36438127590012,36438130515820,
0,36438141105054,36438141105054,9223372036854775807,0,36438141556782,36438141586859,36438141830435,36438141962474,36438142268859,36438142461859,36438142842551,36438144382243,36438147133012,
0,36438157772230,36438157772230,9223372036854775807,0,36438158157359,36438158188897,36438158482666,36438158720474,36438159045320,36438159150628,36438159515897,36438160763435,36438163162051,
0,36438174372818,36438174372818,9223372036854775807,0,36438175003320,36438175036012,36438175487435,36438175622243,36438175919359,36438176093705,36438176491051,36438177675128,36438180679205,
0,36438191028741,36438191028741,9223372036854775807,0,36438191499782,36438191530089,36438191821243,36438191955974,36438192436435,36438192671359,36438193055628,36438194202743,36438197716474,
0,36438207685287,36438207685287,9223372036854775807,0,36438208180282,36438208210589,36438208770897,36438208922359,36438209389359,36438209591859,36438209979628,36438210980359,36438213789051,
0,36438224342000,36438224342000,9223372036854775807,0,36438224819743,36438224850897,36438225107666,36438225240205,36438225531859,36438225624743,36438225989282,36438226981397,36438229930705,
0,36438240976760,36438240976760,9223372036854775807,0,36438241398589,36438241428358,36438241675397,36438241809166,36438242097474,36438242192320,36438242562474,36438243541166,36438246252512,
0,36438257632406,36438257632406,9223372036854775807,0,36438262307858,36438262324858,36438262408974,36438262465858,36438262582166,36438262702589,36438263091089,36438264110435,36438266996012,
0,36438274286867,36438274286867,9223372036854775807,0,36438275289474,36438275309705,36438275445397,36438275506282,36438275645858,36438275728897,36438276239435,36438277177358,36438279716551,
0,36438290944037,36438290944037,9223372036854775807,0,36438291752551,36438291773358,36438291867820,36438291929820,36438292164435,36438292565397,36438292941358,36438293988474,36438297073974,
0,36438307601186,36438307601186,9223372036854775807,0,36438308507935,36438308529974,36438308565974,36438308631243,36438308817935,36438308884974,36438309086858,36438309599205,36438312336166,
0,36438324335256,36438324335256,9223372036854775807,0,36438325295935,36438325316358,36438325352397,36438325418166,36438325605743,36438325697089,36438325769897,36438326219858,36438329319897,
0,36438341003778,36438341003778,9223372036854775807,0,36438342027935,36438342048935,36438342084358,36438342149282,36438342337589,36438342491512,36438342583282,36438343083935,36438345774051,
0,36438357671329,36438357671329,9223372036854775807,0,36438358161012,36438358192358,36438358250705,36438358371628,36438358792743,36438358931205,36438358999166,36438359485820,36438362687435,
0,36438374338108,36438374338108,9223372036854775807,0,36438374906897,36438374936474,36438374994512,36438375114435,36438375525320,36438375595435,36438375673243,36438376351012,36438379562974,
0,36438391004909,36438391004909,9223372036854775807,0,36438391569012,36438391600128,36438391659512,36438391779820,36438392349128,36438392536781,36438392607512,36438393123743,36438395470320,
0,36438407670389,36438407670389,9223372036854775807,0,36438408306666,36438408334974,36438408525205,36438408658320,36438409055089,36438409191820,36438409265628,36438409772743,36438413173166,
0,36438424351668,36438424351668,9223372036854775807,0,36438424786781,36438424816705,36438424875281,36438424996397,36438425571166,36438425679858,36438425747589,36438426187512,36438429137358,
0,36438441019515,36438441019515,9223372036854775807,0,36438446182089,36438446199281,36438446219205,36438446276705,36438446401589,36438446562589,36438446655397,36438447049051,36438450452166,
0,36438457687760,36438491021092,9223372036854775807,0,36438495345474,36438495364704,36438498622320,36438501443474,36438511635243,36438511795358,36438518358897,36438523414204,36438526481166,
0,36438574428188,36438574428188,9223372036854775807,0,36438575295704,36438575313666,36438575315012,36438579857204,36438586540474,36438586743435,36438590307781,36438595529397,36438599627820,
