0,1401150441179,1401150441179,9223372036854775807,0,1401151854462,1401151884722,1401155737431,1401156090295,1401157273889,1401157609462,1401158321389,1401160506650,1401161275504,348000,307000,
0,1401167122496,1401167122496,9223372036854775807,0,1401168556493,1401168586441,1401168930920,1401169014306,1401169197743,1401169423577,1401169794097,1401171785139,1401172724566,266000,470000,
0,1401183803683,1401183803683,9223372036854775807,0,1401185256597,1401185286337,1401185615608,1401185709462,1401185888785,1401186128889,1401186502743,1401188588264,1401189310035,441000,269000,
0,1401200485090,1401200485090,9223372036854775807,0,1401201152483,1401201181858,1401201756650,1401201849931,1401202020764,1401202233212,1401202650764,1401204697483,1401205421493,449000,273000,
0,1401217166378,1401217166378,9223372036854775807,0,1401217721858,1401217750920,1401221856233,1401222208368,1401223930608,1401224326441,1401225066597,1401227048264,1401228198941,277000,300000,
0,1401233847594,1401233847594,9223372036854775807,0,1401234499514,1401234620764,1401234813941,1401234910972,1401235187639,1401235422795,1401235804097,1401237799618,1401238540035,440000,284000,
0,1401250528839,1401250528839,1401229000000,1401230500000,1401251298629,1401252451754,1401252570816,1401253273056,1401253473629,1401253561650,1401253952691,1401255853837,1401256588108,281000,269000,
0,1401267210250,1401267210250,1401257000000,1401257000000,1401268770243,1401269815556,1401269963889,1401270069306,1401270239410,1401270461389,1401270826962,1401272848472,1401273588056,451000,269000,
0,1401283891671,1401283891671,1401275000000,1401278891671,1401284518316,1401289072222,1401289104670,1401289439254,1401290394879,1401290657899,1401291182587,1401292957379,1401293895816,271000,460000,
0,1401300572955,1401300572955,1401294000000,1401295572955,1401302152327,1401303197535,1401303248108,1401303336806,1401303518785,1401303755816,1401304124618,1401306032952,1401306760191,425000,266000,
0,1401317254269,1401317254269,1401308000000,1401312254269,1401317976910,1401319164202,1401319217222,1401319310295,1401319481858,1401319704514,1401320140452,1401322044827,1401322765608,438000,267000,
0,1401333935511,1401333935511,1401324000000,1401328935511,1401335651181,1401337290712,1401337368577,1401337498837,1401337772847,1401337973212,1401339358733,1401345194410,1401347964358,695000,1069000,
0,1401350615716,1401350615716,1401344000000,1401345615716,1401355797274,1401358024722,1401358162847,1401358376441,1401358795556,1401359015660,1401360533941,1401366341702,1401371809827,705000,3026000,
0,1401383974988,1401383974988,1401363000000,1401371000000,1401387756441,1401399499566,1401399569410,1401402167743,1401406951337,1401407241441,1401409584410,1401417374931,1401420917899,2220000,1404000,
0,1401417335123,1401417335123,1401405000000,1401405000000,1401418129879,1401421674202,1401421831129,1401422323785,1401422903577,1401423090399,1401424235295,1401428487066,1401432156910,510000,2007000,
0,1401434014680,1401434014680,1401427000000,1401427000000,1401434785712,1401440494254,1401440600660,1401440790920,1401441160764,1401441355556,1401442591181,1401446094514,1401450972952,607000,3224000,
0,1401450694830,1401450694830,9223372036854775807,0,1401455874149,1401455899983,1401456061702,1401456176129,1401456352170,1401456454827,1401456799983,1401458861649,1401460363004,389000,761000,
0,1401467374885,1401467374885,9223372036854775807,0,1401467992847,1401467997327,1401471337952,1401471456649,1401471638993,1401471931754,1401472294097,1401474211858,1401474937274,454000,256000,
0,1401484055792,1401484055792,9223372036854775807,0,1401484610504,1401484638264,1401484900451,1401485166858,1401485338524,1401485552014,1401485903524,1401487781701,1401488505087,429000,261000,
0,1401500736957,1401500736957,9223372036854775807,0,1401502139254,1401502170295,1401502457379,1401502548993,1401502731024,1401502813941,1401503185399,1401505080504,1401505799879,427000,257000,
0,1401517417995,1401517417995,9223372036854775807,0,1401518797535,1401518827795,1401519115556,1401519207274,1401519386754,1401519613420,1401519970504,1401521775712,1401522803472,288000,547000,
0,1401534099145,1401534099145,9223372036854775807,0,1401535508420,1401535538941,1401535820660,1401535912118,1401536084879,1401536169358,1401536535347,1401538423837,1401539143785,426000,264000,
0,1401550780523,1401550780523,9223372036854775807,0,1401552160035,1401552189879,1401552471701,1401552562222,1401552726858,1401552811389,1401553167847,1401554920191,1401555627639,289000,261000,
0,1401567461385,1401567461385,9223372036854775807,0,1401568916233,1401568946701,1401569237951,1401569329306,1401569510608,1401569730972,1401570134879,1401572013316,1401572745504,442000,277000,
0,1401584142421,1401584142421,9223372036854775807,0,1401586255139,1401586342066,1401586566233,1401586664358,1401587232691,1401587333837,1401587693733,1401589583212,1401590367743,457000,283000,
0,1401600823667,1401600823667,1401584000000,1401585500000,1401601550139,1401602831806,1401607064254,1401609495295,1401610812847,1401611155295,1401611898212,1401613931754,1401614897118,490000,298000,
0,1401616994070,1401616994070,1401609000000,1401609000000,1401618504201,1401619559983,1401619679201,1401619769462,1401619951129,1401620069358,1401620471597,1401622965556,1401623797951,961000,340000,
0,1401633675245,1401633675245,1401625000000,1401628675245,1401635129931,1401637685504,1401637730295,1401637813368,1401637978629,1401638111910,1401638542431,1401640330087,1401641291754,262000,471000,
0,1401650356350,1401650356350,1401643000000,1401645356350,1401650922274,1401652101806,1401652382743,1401652509462,1401652731233,1401652961181,1401653330035,1401655037639,1401655753212,279000,258000,
0,1401667037423,1401667037423,1401657000000,1401662037423,1401668610295,1401669636233,1401669684358,1401669770295,1401669941701,1401670050504,1401670427691,1401672314045,1401673026858,439000,259000,
0,1401683718637,1401683718637,1401675000000,1401678718637,1401685298368,1401686443108,1401686495556,1401686576181,1401686757379,1401686985087,1401687337639,1401689069826,1401690113733,276000,543000,
0,1401700398774,1401700398774,1401692000000,1401695398774,1401701697014,1401713557847,1401713638212,1401715025399,1401718780608,1401719325295,1401722215660,1401726072378,1401728172170,547000,772000,
0,1401733933160,1401733933160,1401718000000,1401718000000,1401734663785,1401736959983,1401737068108,1401737218993,1401737674983,1401738020347,1401738976701,1401742293003,1401745053837,497000,1363000,
0,1401750651859,1401750651859,1401742000000,1401742000000,1401751120139,1401756830556,1401756912743,1401757066389,1401757394410,1401757580503,1401758734149,1401763110035,1401765685347,1315000,1112000,
0,1401784088511,1401784088511,1401765000000,1401765000000,1401784842170,1401787201181,1401787406910,1401787591858,1401787954670,1401788139306,1401789217951,1401793484931,1401799195712,898000,4177000,
0,1401800807467,1401800807467,9223372036854775807,0,1401801423785,1401801452170,1401805323420,1401805664097,1401806408003,1401806673889,1401807048733,1401808962847,1401809965139,457000,327000,
0,1401817526329,1401817526329,9223372036854775807,0,1401819074514,1401819078264,1401819375816,1401819469670,1401819646910,1401819859514,1401820295139,1401822213212,1401823153160,436000,287000,
0,1401834245189,1401834245189,9223372036854775807,0,1401835794201,1401835823628,1401836112535,1401836203993,1401836386337,1401836469566,1401836838264,1401838726076,1401839664670,438000,300000,
0,1401850964101,1401850964101,9223372036854775807,0,1401852484045,1401852515608,1401852802014,1401852894983,1401853076910,1401853143368,1401853502222,1401855366701,1401856455191,430000,422000,
0,1401867682561,1401867682561,9223372036854775807,0,1401869300451,1401869330243,1401869620243,1401869712587,1401869890191,1401870098889,1401870474045,1401872342066,1401873326181,442000,331000,
0,1401884401345,1401884401345,9223372036854775807,0,1401886012535,1401886044462,1401889760347,1401890152847,1401891369201,1401891670816,1401892387639,1401894210087,1401895341337,267000,402000,
0,1401901120259,1401901120259,9223372036854775807,0,1401902640191,1401902669774,1401902974722,1401903066962,1401903260139,1401903325191,1401903688472,1401905616806,1401906541649,418000,288000,
0,1401917839216,1401917839216,9223372036854775807,0,1401919384983,1401919415243,1401919703368,1401919795035,1401919968316,1401920194670,1401920572014,1401922502274,1401923517951,467000,336000,
0,1401933859065,1401933859065,9223372036854775807,0,1401934359826,1401934470972,1401936215191,1401936326649,1401936495972,1401936726337,1401937164566,1401939108212,1401940105555,459000,336000,
0,1401950578186,1401950578186,1401930000000,1401932000000,1401951989618,1401953056285,1401953151337,1401954071076,1401954267899,1401954336024,1401954694462,1401956592899,1401957513003,443000,280000,
0,1401967297277,1401967297277,1401958000000,1401958000000,1401968659149,1401969909514,1401970060035,1401970137274,1401970324774,1401970545764,1401970927795,1401972811910,1401973783941,444000,329000,
0,1401984016388,1401984016388,1401975000000,1401979016388,1401985404462,1401986645816,1401986701389,1401986800816,1401986978420,1401987191910,1401987551545,1401989425191,1401990464878,436000,347000,
0,1402000735331,1402000735331,1401991000000,1401995735331,1402002312639,1402009944930,1402009977639,1402010398316,1402011872847,1402012136858,1402012847430,1402014731962,1402016413733,268000,885000,
0,1402033881443,1402033881443,1402015000000,1402015000000,1402035415295,1402041965608,1402042106805,1402042344826,1402042776493,1402043304358,1402044843264,1402051139462,1402055058576,819000,1848000,
0,1402067191612,1402067191612,1402048000000,1402048000000,1402068195087,1402070857483,1402071175139,1402071413576,1402071948680,1402072158733,1402073559618,1402080779149,1402083842430,1732000,1259000,
0,1402100511180,1402100511180,1402084000000,1402084000000,1402101516337,1402124011441,1402124086285,1402125443055,1402129751805,1402130488264,1402132952430,1402139948420,1402143101285,823000,1126000,
0,1402150490268,1402150490268,1402129000000,1402129000000,1402151263316,1402153849253,1402154054618,1402154244305,1402154619097,1402155827795,1402157030139,1402161244201,1402166083524,556000,3335000,
0,1402183810484,1402183810484,1402164000000,1402164000000,1402184411857,1402200837326,1402200915295,1402202251910,1402205673368,1402205949878,1402208220503,1402214263889,1402217686649,1105000,1653000,
0,1402233779289,1402233779289,1402213000000,1402213000000,1402234852482,1402238286962,1402238412535,1402238601493,1402239015816,1402239410139,1402240792378,1402246037066,1402249583993,597000,1760000,
0,1402267094857,1402267094857,9223372036854775807,0,1402268050087,1402268109149,1402268114357,1402268363055,1402268787170,1402269211857,1402270757326,1402275854097,1402278733524,730000,1231000,
0,1402433693563,1402433693563,1402423000000,1402428693563,1402435864462,1402467843472,1402467911128,1402470834878,1402473098524,1402474194149,1402475027170,1402477317587,1402478126909,369000,301000,
0,1402483672136,1402483672136,1402473000000,1402473000000,1402485181962,1402486209514,1402486258941,1402486344409,1402486520243,1402486590868,1402486972378,1402489194930,1402490242691,442000,413000,
0,1402500789577,1402500789577,1402491000000,1402495789577,1402501464774,1402508007795,1402508039201,1402508428993,1402509845712,1402510107743,1402510876284,1402513048628,1402514044514,280000,324000,
0,1402534112062,1402534112062,1402514000000,1402514000000,1402535653941,1402536747222,1402536795972,1402536882639,1402537063212,1402537130764,1402537529878,1402539792118,1402540883264,448000,348000,
0,1402550773221,1402550773221,1402542000000,1402542000000,1402552344670,1402563534149,1402563580659,1402564630243,1402568318472,1402568533420,1402570504149,1402575281128,1402578407899,937000,1154000,
0,1402584386686,1402584386686,1402578000000,1402578000000,1402584976597,1402588107847,1402588242118,1402588500191,1402588895347,1402590280764,1402591609566,1402597227326,1402599744566,1803000,1095000,
0,1402601103553,1402601103553,1402593000000,1402596103553,1402601892170,1402608001545,1402608095920,1402608269930,1402608633003,1402608823003,1402610190139,1402614587274,1402617098524,551000,1055000,
0,1402634542878,1402634542878,1402613000000,1402621000000,1402635229253,1402649756128,1402649813784,1402651069045,1402654158784,1402654383264,1402656379149,1402661616336,1402665533211,1076000,2449000,
0,1402667981207,1402667981207,1402656000000,1402656000000,1402668761024,1402671642222,1402671834149,1402672015243,1402672424930,1402672654982,1402673962274,1402678717066,1402681954409,664000,1440000,
0,1402684700873,1402684700873,1402677000000,1402677000000,1402685333211,1402700444618,1402700505607,1402701828420,1402704543576,1402704777378,1402706698055,1402712310555,1402715651597,1378000,1696000,
0,1402701420529,1402718087195,9223372036854775807,0,1402719921649,1402719975816,1402722743628,1402722889409,1402723368055,1402723605295,1402724421961,1402727461805,1402728604774,462000,363000,
0,1402734858895,1402734858895,9223372036854775807,0,1402736483159,1402736486961,1402736779826,1402736874097,1402737061753,1402737273628,1402737676336,1402739729670,1402740688836,406000,290000,
0,1402751578685,1402751578685,9223372036854775807,0,1402753134878,1402753163055,1402753428576,1402753511909,1402753683836,1402753742795,1402754125711,1402756187534,1402757243420,400000,349000,
0,1402768298616,1402768298616,9223372036854775807,0,1402769806701,1402769833680,1402770153003,1402770236128,1402770413732,1402770624722,1402770990034,1402773121597,1402774041649,435000,294000,
0,1402785018525,1402785018525,9223372036854775807,0,1402786673524,1402786710503,1402787112430,1402787236076,1402787512118,1402787974670,1402788411441,1402790798941,1402791780659,454000,311000,
0,1402801103989,1402801103989,9223372036854775807,0,1402802595972,1402802623836,1402802912534,1402803004357,1402803196284,1402803401701,1402803816805,1402806176076,1402807138472,425000,321000,
0,1402817823898,1402817823898,9223372036854775807,0,1402818504097,1402818532795,1402824620607,1402825046701,1402826643941,1402826864566,1402827672691,1402830245659,1402831376493,307000,403000,
0,1402834543456,1402834543456,9223372036854775807,0,1402835115347,1402835143003,1402835410555,1402835635555,1402835842378,1402835924461,1402836362066,1402838650555,1402839637586,259000,311000,
0,1402851263297,1402851263297,1402844000000,1402846000000,1402851806232,1402854403888,1402854504878,1402855413628,1402855624253,1402855860086,1402856343420,1402858587170,1402859825868,251000,562000,
0,1402867983280,1402867983280,1402859000000,1402862983280,1402869343680,1402875931961,1402876050868,1402876459045,1402877880920,1402878146388,1402878914409,1402881522534,1402882829930,485000,603000,
0,1402884518357,1402884518357,9223372036854775807,0,1402885272899,1402885379670,1402885495868,1402885593316,1402885789305,1402886007534,1402886404670,1402888846076,1402889795451,438000,307000,
0,1402901216387,1402901216387,1402881000000,1402881000000,1402902749149,1402903788107,1402903837013,1402903925972,1402904121649,1402904403420,1402904833680,1402907263680,1402908225868,450000,318000,
0,1402917914370,1402917914370,1402909000000,1402909000000,1402919449722,1402924312066,1402924341024,1402924439722,1402925634461,1402925890086,1402926517482,1402928931232,1402929876961,463000,313000,
0,1403335338560,1403335338560,9223372036854775807,0,1403336511180,1403336623836,1403336631284,1403337104670,1403339032847,1403339550399,1403342686440,1403352655607,1403359535086,1130000,3376000,
0,1403352026293,1403352026293,9223372036854775807,0,1403353993992,1403354098472,1403354104513,1403354647378,1403356167899,1403360499617,1403365880711,1403375765503,1403381374045,975000,2605000,
0,1403368711333,1403368711333,9223372036854775807,0,1403375671440,1403376595138,1403376603315,1403377017482,1403384921284,1403385153211,1403386692430,1403393539149,1403396380867,456000,1065000,
0,1403385407855,1403385407855,9223372036854775807,0,1403388913315,1403388971701,1403388974826,1403389224930,1403390299409,1403396929357,1403398794565,1403405735972,1403407403420,626000,670000,
0,1403402105465,1403402105465,9223372036854775807,0,1403402965607,1403403015034,1403403018680,1403403225347,1403403953680,1403407715034,1403408927013,1403416114826,1403419141076,583000,1586000,
0,1403418802903,1403418802903,9223372036854775807,0,1403419689565,1403419743524,1403419747430,1403419970972,1403421034982,1403421387222,1403422589774,1403426854930,1403436681857,527000,8366000,
0,1403435500243,1403435500243,9223372036854775807,0,1403436423628,1403436477274,1403436480503,1403436703263,1403437525711,1403437789409,1403439058472,1403444837326,1403455571961,940000,9299000,
0,1403452197453,1403452197453,9223372036854775807,0,1403453451388,1403453506492,1403453509878,1403453741076,1403454748992,1403456201128,1403457686701,1403463310086,1403469168211,436000,4897000,
0,1403468894738,1403468894738,9223372036854775807,0,1403469952378,1403470205555,1403470208992,1403470529513,1403471187274,1403471435607,1403472775294,1403477154409,1403486051388,575000,7940000,
0,1403485062516,1403485062516,1403465000000,1403469500000,1403485826909,1403488496649,1403488505815,1403488705242,1403489298472,1403489578576,1403490956701,1403495364044,1403502344669,549000,5598000,
0,1403501760545,1403501760545,1403494000000,1403494000000,1403502513732,1403503382742,1403503389617,1403503588524,1403504176076,1403504325347,1403505485972,1403509688524,1403518837794,495000,7043000,
0,1403518458504,1403518458504,1403509000000,1403513458504,1403519152378,1403520555815,1403520563888,1403520826753,1403521578784,1403521870815,1403523103315,1403527928472,1403535651597,569000,6696000,
0,1403535154507,1403535154507,1403525000000,1403530154507,1403537511128,1403539047065,1403539053107,1403539253315,1403539843836,1403540577326,1403541819097,1403547189878,1403553304722,1047000,4879000,
0,1403551852373,1403568519039,1403543000000,1403551000000,1403579814617,1403580745711,1403580750607,1403580919357,1403581435659,1403582406440,1403583695503,1403588522326,1403591092274,430000,1139000,
0,1403584837433,1403584837433,9223372036854775807,0,1403585332899,1403585379357,1403585381492,1403585576492,1403585834149,1403591544774,1403592968836,1403597708159,1403599538784,505000,798000,
0,1403601477599,1403634810931,1403587000000,1403587000000,1403636571440,1403637293940,1403637297638,1403653329097,1403665724201,1403665906596,1403668814721,1403677048888,1403678908576,494000,704000,
0,1405684043003,1405717376335,9223372036854775807,0,1405718168835,1405718202221,1405718434877,1405722817481,1405723400033,1405723509877,1405735901752,1405737979200,1405740429929,438000,1735000,
0,1405736530205,1405736530205,9223372036854775807,0,1405738857117,1405738892950,1405739069773,1405739189825,1405739416075,1405740593210,1405741017273,1405743060085,1405747279877,545000,3160000,
0,1405750714344,1405750714344,9223372036854775807,0,1405751258679,1405751298575,1405751554825,1405751693575,1405752081544,1405752206804,1405752781439,1405754954096,1405756592273,420000,652000,
0,1405769888671,1405769888671,9223372036854775807,0,1405771054356,1405771111179,1405771758210,1405771973835,1405772437117,1405772617273,1405773303367,1405775866075,1405777321075,546000,473000,
0,1405786555945,1405786555945,9223372036854775807,0,1405787854981,1405787985710,1405789019304,1405789465554,1405790659096,1405791431648,1405792183835,1405795534356,1405797098158,789000,606000,
0,1405803222533,1405803222533,9223372036854775807,0,1405804273262,1405804350502,1405805300242,1405805611648,1405807209669,1405807571700,1405808209356,1405810518106,1405811893210,545000,498000,
0,1405819885802,1405819885802,9223372036854775807,0,1405821440971,1405821511283,1405822291960,1405822569096,1405823015867,1405823293731,1405823836387,1405825618523,1405826723679,429000,424000,
0,1405836763793,1405836763793,9223372036854775807,0,1405837619877,1405837673627,1405838013210,1405838144669,1405838430085,1405838547429,1405838984252,1405840658887,1405841564617,367000,321000,
0,1405853433561,1405853433561,9223372036854775807,0,1405854661179,1405854702950,1405855036804,1405855208471,1405855551960,1405855894408,1405856393419,1405857910398,1405858891023,363000,311000,
0,1405870102442,1405870102442,9223372036854775807,0,1405871487377,1405871605241,1405872314564,1405872581491,1405873088471,1405873533419,1405874230606,1405876427064,1405877946023,457000,485000,
0,1405886771256,1405886771256,9223372036854775807,0,1405888063991,1405888150137,1405889306127,1405889684356,1405890254512,1405890794564,1405891513002,1405893789877,1405895282064,590000,463000,
0,1405903440138,1405903440138,9223372036854775807,0,1405904702898,1405904779512,1405906033210,1405906261387,1405906903731,1405907139981,1405907905085,1405910685502,1405913065346,605000,737000,
0,1405920105938,1405920105938,9223372036854775807,0,1405922437846,1405922577481,1405923955919,1405924202846,1405924757221,1405924959304,1405925786179,1405928651544,1405933072585,692000,1662000,
0,1405936767016,1405936767016,9223372036854775807,0,1405938639877,1405938762377,1405941045294,1405941547377,1405942290710,1405942544148,1405943339148,1405946100346,1405948078887,695000,702000,
0,1405953429783,1405953429783,9223372036854775807,0,1405955196439,1405955319044,1405957426804,1405957947533,1405958668366,1405958933210,1405961133158,1405962880971,1405963978158,475000,403000,
0,1405970090761,1405970090761,9223372036854775807,0,1405971648419,1405971690814,1405972292221,1405972438679,1405972769877,1405972917689,1405973199773,1405974295710,1405975464564,348000,464000,
0,1405986760463,1405986760463,9223372036854775807,0,1405987454304,1405987488783,1405987662273,1405987778262,1405988412429,1405988525866,1405988621023,1405989544200,1405991157689,238000,624000,
0,1406003430542,1406003430542,9223372036854775807,0,1406004413627,1406004486127,1406004634304,1406004775502,1406005608314,1406005734981,1406005816387,1406006776700,1406007706960,265000,274000,
0,1406020096461,1406020096461,9223372036854775807,0,1406021655502,1406021755762,1406021986544,1406022226908,1406023411023,1406023604877,1406023768158,1406025374669,1406029432429,464000,2775000,
0,1406036760489,1406036760489,9223372036854775807,0,1406038443106,1406038536127,1406038723419,1406039074252,1406040366439,1406040970606,1406041137116,1406042832325,1406044626179,536000,561000,
0,1406053425294,1406053425294,9223372036854775807,0,1406054907012,1406054992637,1406055152377,1406055455241,1406056682481,1406056860658,1406057014304,1406058798679,1406060876283,519000,894000,
0,1406070089882,1406070089882,9223372036854775807,0,1406071486231,1406071588106,1406071804981,1406072155814,1406074461075,1406074679096,1406074842325,1406076440502,1406078251439,554000,559000,
0,1406086754530,1406086754530,9223372036854775807,0,1406088418991,1406088519929,1406088720241,1406089076700,1406090452221,1406090788523,1406090958523,1406092593210,1406094300085,600000,461000,
0,1406103422665,1406203422661,9223372036854775807,0,1406214301231,1406214360762,1406222427064,1406228394096,1406236563575,1406236838575,1406238066023,1406245455450,1406249811283,1696000,2903000,
0,1406353450424,1406353450424,9223372036854775807,0,1406361031700,1406361074095,1406361076075,1406369936543,1406381051491,1406381199825,1406383412845,1406387602481,1406389424200,454000,922000,
0,1406670158288,1406670158288,9223372036854775807,0,1406672288522,1406672405502,1406672411960,1406677296022,1406679288210,1406680558470,1406681680866,1406687753522,1406691225554,651000,2416000,
