0,7136209224645,7136209224645,9223372036854775807,0,7136209618423,7136209656192,7136209659423,7136209811269,7136222361500,7136222488115,7136223176731,7136229511269,7136233166269,
0,7136258592120,7136275028674,9223372036854775807,0,7136287410961,7136287447961,7136287450808,7136287600884,7136288130269,7136288261808,7136288860423,7136294802423,7136298393808,
0,7140852332836,7140901642498,9223372036854775807,0,7140905408962,7140905440808,7140905442500,7140906330192,7140921264269,7140921619654,7140924883654,7140933957192,7140941742962,
0,7147617659527,7147617659527,9223372036854775807,0,7147618076039,7147618117424,7147618120347,7147618282731,7147634408885,7147634546962,7147635340577,7147640434962,7147652235270,
0,7147685287663,7147685287663,9223372036854775807,0,7147695346424,7147695387885,7147695390501,7147695556808,7147696044270,7147696190731,7147696802193,7147705706424,7147716178116,
0,7152526071356,7152575381018,9223372036854775807,0,7152583136193,7152583168885,7152583170962,7152584365578,7152600631347,7152601062578,7152604418578,7152613606347,7152621173809,
0,7159968276194,7160001149302,9223372036854775807,0,7160002003578,7160002037424,7160002040271,7160002191040,7160015787501,7160015950347,7160016680809,7160021881886,7160034345963,
0,7160034135175,7160067008283,9223372036854775807,0,7160080454886,7160080497117,7160080500117,7160080647424,7160081072347,7160081217271,7160081772040,7160087328194,7160091059732,
0,7164891317970,7164924191078,9223372036854775807,0,7164933240809,7164933282732,7164933284809,7164934586502,7164952530886,7164952890732,7164956210655,7164964832809,7164972662578,
0,7172135927008,7172135927008,9223372036854775807,0,7172136296194,7172136331810,7172136348117,7172136494887,7172150777964,7172150907117,7172151641117,7172156775733,7172172904656,
0,7172201712655,7172201712655,9223372036854775807,0,7172213713425,7172213750502,7172213753348,7172213901502,7172214345964,7172214484425,7172215039656,7172219531810,7172224860502,
0,7177009606687,7177042479795,9223372036854775807,0,7177056438272,7177056472041,7177056473810,7177057585964,7177075009425,7177075458502,7177079319964,7177088095118,7177095370656,
0,7184715022635,7184715022635,9223372036854775807,0,7184715417657,7184715447503,7184715450272,7184715591195,7184729673118,7184729797349,7184730627041,7184735816272,7184748132118,
0,7184781097595,7184781097595,9223372036854775807,0,7184792464195,7184792503041,7184792506041,7184792655118,7184793152272,7184793265964,7184793815349,7184798405810,7184804101580,
0,7189704166599,7189753476261,9223372036854775807,0,7189759813965,7189759845503,7189759847426,7189760956042,7189778062580,7189778554734,7189782073426,7189791479349,7189798683965,
