0,1548164724430,1548164724430,9223372036854775807,0,1548166257375,1548166288260,1548166979250,1548167087166,1548167282218,1548167493729,1548167707166,1548169195916,1548170189250,282000,355000,
0,1548181406420,1548181406420,9223372036854775807,0,1548182983312,1548183013937,1548183682843,1548183794406,1548184002271,1548184218677,1548184434406,1548186048312,1548187001750,420000,310000,
0,1548198090942,1548198090942,9223372036854775807,0,1548199609562,1548199639510,1548200372114,1548200495031,1548200709250,1548200926802,1548201158729,1548202618729,1548203565968,281000,311000,
0,1548214775576,1548214775576,9223372036854775807,0,1548216292114,1548216322010,1548218583156,1548218703521,1548218909771,1548219144198,1548219404406,1548220998729,1548221977843,455000,330000,
0,1548231460114,1548231460114,9223372036854775807,0,1548233032218,1548233063468,1548233780135,1548233880083,1548234075604,1548234305448,1548234514614,1548235966489,1548236967583,285000,326000,
0,1548248144123,1548248144123,9223372036854775807,0,1548249552687,1548249583677,1548250334562,1548250458364,1548250667375,1548250732635,1548250941802,1548252514198,1548253440291,415000,292000,
0,1548264826095,1548264826095,9223372036854775807,0,1548266366333,1548266396541,1548267071698,1548267180396,1548267380552,1548267599979,1548267816802,1548269257635,1548270232635,270000,338000,
0,1548281508200,1548281508200,9223372036854775807,0,1548283016593,1548283046750,1548283940812,1548284315916,1548284698156,1548284924927,1548285132843,1548286737479,1548287714823,434000,335000,
0,1548298189671,1548298189671,9223372036854775807,0,1548299763989,1548299794510,1548300539927,1548300662427,1548300867270,1548301085343,1548301312895,1548302770448,1548303707583,277000,303000,
0,1548314871362,1548314871362,9223372036854775807,0,1548316442010,1548316473000,1548317159145,1548317267843,1548317466750,1548317687375,1548317897062,1548319482218,1548320536177,420000,323000,
0,1548331552941,1548331552941,9223372036854775807,0,1548333142375,1548333172843,1548333855395,1548333964354,1548334165500,1548334394145,1548334616593,1548336034093,1548336965343,273000,302000,
0,1548348235761,1548348235761,9223372036854775807,0,1548349728260,1548349759406,1548350482739,1548350605812,1548350815343,1548351028364,1548351234406,1548352685239,1548354035395,294000,675000,
0,1548364919622,1548364919622,9223372036854775807,0,1548366362166,1548366391958,1548367088520,1548367194093,1548367390343,1548367619354,1548367837010,1548369228781,1548370225291,271000,354000,
0,1548381603495,1548381603495,9223372036854775807,0,1548384219823,1548384237479,1548384858208,1548384977323,1548385176125,1548385438156,1548385652739,1548387155916,1548388149823,319000,337000,
0,1548398285616,1548398285616,1548384000000,1548386000000,1548399791906,1548400879562,1548401164927,1548402861281,1548403105760,1548403354458,1548403585239,1548405173000,1548406120552,444000,305000,
0,1548414967729,1548414967729,1548406000000,1548406000000,1548416467270,1548420054250,1548420137270,1548420242531,1548421064562,1548421244510,1548421470552,1548423054823,1548424000135,423000,304000,
0,1548431649408,1548431649408,1548425000000,1548426649408,1548433232583,1548433612531,1548434310239,1548434430343,1548434767375,1548434946437,1548435133677,1548436696437,1548437877010,297000,485000,
0,1548448329743,1548448329743,1548439000000,1548443329743,1548449973937,1548450390291,1548450393573,1548450501802,1548450834510,1548450876489,1548451071854,1548452736177,1548453680135,405000,302000,
0,1548465013554,1548465013554,1548455000000,1548460013554,1548466448052,1548466811854,1548466814354,1548466917843,1548467235968,1548467294302,1548467488416,1548469157948,1548470171489,391000,352000,
0,1548481695345,1548481695345,1548472000000,1548476695345,1548483365916,1548483889927,1548483892739,1548484052218,1548484729614,1548484839823,1548485132635,1548490465031,1548494175812,1706000,1778000,
0,1548498374785,1548498374785,1548490000000,1548493374785,1548499363312,1548501668468,1548501675968,1548501934145,1548502739614,1548502927947,1548503452166,1548506240864,1548508275187,439000,667000,
0,1548515055547,1548515055547,1548508000000,1548510055547,1548515821385,1548516820395,1548516825291,1548517047427,1548517971333,1548518150552,1548518659718,1548521775187,1548523781645,405000,748000,
0,1548531738144,1548531738144,1548523000000,1548526738144,1548532353520,1548533306750,1548533310760,1548533509197,1548534264406,1548534434562,1548534888260,1548537411229,1548539188468,325000,631000,
0,1548548419019,1548548419019,1548541000000,1548543419019,1548549154250,1548550438989,1548550444875,1548550668989,1548551510500,1548551840343,1548552359302,1548555226333,1548557304822,497000,838000,
0,1548565102949,1548565102949,9223372036854775807,0,1548566027322,1548566079927,1548566083833,1548566301020,1548567447062,1548567873104,1548568421906,1548571870135,1548574225864,423000,964000,
0,1548581786494,1548581786494,9223372036854775807,0,1548582653312,1548582708000,1548582711593,1548582937218,1548584384718,1548584751489,1548585325447,1548588448364,1548590795552,456000,883000,
0,1548598470368,1548598470368,9223372036854775807,0,1548599252531,1548599308000,1548599311333,1548599536854,1548601575604,1548601757218,1548602350395,1548605689666,1548608009197,457000,843000,
0,1548615154570,1548615154570,9223372036854775807,0,1548617350500,1548617408208,1548617411697,1548617816333,1548619071697,1548619421437,1548619993885,1548623861125,1548626362947,481000,932000,
0,1548631838347,1548631838347,9223372036854775807,0,1548632826541,1548632884093,1548632889093,1548633128416,1548634610239,1548634996020,1548635596697,1548639121489,1548642359197,501000,1284000,
0,1548648522060,1548648522060,9223372036854775807,0,1548649548937,1548649606489,1548649611177,1548649850552,1548651796281,1548651955500,1548652568572,1548656064250,1548658554666,480000,933000,
0,1548665205712,1548665205712,9223372036854775807,0,1548666016958,1548666067322,1548666071437,1548666284302,1548667468208,1548667795864,1548668330031,1548671756854,1548674858572,437000,1028000,
0,1548681889282,1548681889282,9223372036854775807,0,1548683343416,1548683407375,1548683412583,1548683966697,1548686011125,1548686264666,1548686989979,1548691538312,1548694578260,559000,1218000,
0,1548698571928,1548698571928,9223372036854775807,0,1548699652739,1548699718000,1548699723572,1548699989145,1548702441593,1548702710864,1548703650552,1548708005916,1548711955343,605000,1402000,
0,1548715255122,1548715255122,9223372036854775807,0,1548716186697,1548716248260,1548716253364,1548716522583,1548718164510,1548718624614,1548719314041,1548723681906,1548726518937,599000,1057000,
0,1548731938396,1548731938396,9223372036854775807,0,1548733310552,1548733375447,1548733380656,1548734145812,1548735910916,1548736112739,1548736809666,1548740999718,1548743987791,595000,1154000,
0,1548748621680,1548748621680,9223372036854775807,0,1548749755239,1548749820604,1548749825604,1548750171437,1548751372739,1548751597479,1548752524093,1548756636385,1548759503989,611000,1033000,
0,1548765305001,1548765305001,9223372036854775807,0,1548766297687,1548766362427,1548766367791,1548766636229,1548768174718,1548768566489,1548769267479,1548773514562,1548776551020,581000,1195000,
0,1548781988052,1548781988052,9223372036854775807,0,1548782898416,1548782954562,1548782959666,1548783193833,1548785070552,1548785301906,1548785939093,1548789689197,1548793169822,552000,1722000,
0,1548798671369,1548798671369,9223372036854775807,0,1548799651020,1548799717218,1548799722270,1548799992218,1548802080552,1548802767010,1548803469770,1548807569874,1548810558937,625000,1164000,
0,1548815354321,1548815354321,9223372036854775807,0,1548816330447,1548816395239,1548816401020,1548816666281,1548819342583,1548819602739,1548820467895,1548824568729,1548827440968,596000,1058000,
0,1548832037455,1548832037455,9223372036854775807,0,1548833009562,1548833073104,1548833078937,1548833349666,1548835156697,1548835609510,1548836306333,1548840515708,1548843605083,590000,1216000,
0,1548848720656,1548848720656,9223372036854775807,0,1548849720864,1548849785343,1548849790343,1548850247895,1548852302166,1548852555395,1548853259927,1548857265187,1548860229614,581000,1015000,
0,1548865403800,1548865403800,9223372036854775807,0,1548866319666,1548866380968,1548866385604,1548866653989,1548873565135,1548874018885,1548874757947,1548878789614,1548882654041,545000,1227000,
0,1548882086625,1548882086625,9223372036854775807,0,1548885105760,1548885177843,1548885182947,1548885456229,1548886651385,1548886892010,1548887724249,1548892968312,1548897632427,918000,2609000,
0,1548898768941,1548898768941,9223372036854775807,0,1548906677583,1548906706020,1548906709302,1548906887479,1548907528312,1548908885291,1548909433781,1548912465135,1548916164458,613000,1567000,
0,1548915451255,1548915451255,1548906000000,1548910451255,1548916452218,1548923423572,1548923433260,1548925763833,1548926335968,1548927312010,1548927563468,1548929119770,1548930312739,322000,539000,
0,1548932134468,1548932134468,9223372036854775807,0,1548933702010,1548933818989,1548933821489,1548933938312,1548934263468,1548934429510,1548934631020,1548936216801,1548937156749,410000,308000,
0,1548948818474,1548948818474,1548929000000,1548929000000,1548950352374,1548951265760,1548951268729,1548951372114,1548951704197,1548951749926,1548951962999,1548953377062,1548954300604,269000,290000,
0,1548965502441,1548965502441,1548956000000,1548956000000,1548967020604,1548968913468,1548968917687,1548969295395,1548970486229,1548970648624,1548970886229,1548972519979,1548973461801,439000,305000,
0,1548982186362,1548982186362,1548974000000,1548977186362,1548983748572,1548984655916,1548984660187,1548984766958,1548985096281,1548985136593,1548985357374,1548986929822,1548987875343,410000,300000,
0,1548998870339,1548998870339,1548990000000,1548993870339,1549000426385,1549004097947,1549004102218,1549004214979,1549005145551,1549005338104,1549005589562,1549007369874,1549008306645,435000,304000,
0,1549015553775,1549015553775,1549009000000,1549010553775,1549016433624,1549019537739,1549019549666,1549019824301,1549021562218,1549021733104,1549022397687,1549025831072,1549028932270,602000,1566000,
0,1549032236738,1549032236738,1549027000000,1549027236738,1549033124406,1549035168937,1549035177843,1549035422635,1549036357479,1549036802062,1549037450239,1549041028676,1549046070604,551000,1209000,
0,1549048919747,1549048919747,1549041000000,1549043919747,1549049609301,1549053578416,1549053590187,1549054783989,1549059315031,1549061150447,1549064502739,1549070406124,1549073204093,873000,1080000,
0,1549065601728,1549065601728,1549059000000,1549060601728,1549066522218,1549068564041,1549068572999,1549068801333,1549069218781,1549073680812,1549079742166,1549087630499,1549089828624,669000,937000,
0,1549082284877,1549082284877,1549074000000,1549077284877,1549082839406,1549085739926,1549085750812,1549086005291,1549087552218,1549090416072,1549091218260,1549094647062,1549096438364,506000,691000,
0,1549098967838,1549098967838,9223372036854775807,0,1549105801958,1549105828781,1549106445395,1549106562687,1549106781697,1549106902739,1549107142374,1549108912166,1549110958520,310000,908000,
0,1549115651160,1549115651160,9223372036854775807,0,1549116223572,1549116227999,1549119457374,1549119646749,1549121317687,1549121572062,1549121828520,1549123611437,1549124728312,410000,482000,
0,1549132334534,1549132334534,9223372036854775807,0,1549133914874,1549133944614,1549134704770,1549134814197,1549134992999,1549135212947,1549135498781,1549136991124,1549137723104,255000,278000,
0,1549149018247,1549149018247,9223372036854775807,0,1549150594666,1549150625812,1549151297739,1549151405760,1549151600031,1549151815968,1549152049770,1549153602114,1549154429926,293000,324000,
0,1549165702085,1549165702085,9223372036854775807,0,1549167237010,1549167268364,1549168041489,1549168158468,1549168350447,1549168569301,1549168842999,1549170541385,1549171267791,425000,276000,
0,1549182385840,1549182385840,9223372036854775807,0,1549183909353,1549183940603,1549185282635,1549185394874,1549186026749,1549186272531,1549186517166,1549188032062,1549188748208,298000,270000,
0,1549199069588,1549199069588,9223372036854775807,0,1549200615083,1549200644978,1549200884510,1549200985135,1549201257999,1549201417791,1549201619197,1549203233676,1549203972270,400000,278000,
0,1549215753268,1549215753268,9223372036854775807,0,1549217284666,1549217316853,1549218046541,1549218162999,1549218550395,1549218797374,1549219039510,1549221495812,1549225422687,462000,3110000,
0,1549232436079,1549232436079,9223372036854775807,0,1549239107062,1549239171801,1549239176906,1549239463833,1549241661228,1549241903312,1549242470031,1549246031333,1549248119718,470000,647000,
0,1549249118537,1549249118537,9223372036854775807,0,1549250787374,1549250852739,1549250855812,1549251293103,1549253130395,1549253351489,1549253921281,1549256839406,1549258138520,358000,447000,
0,1549265794866,1549265794866,9223372036854775807,0,1549267016333,1549267102270,1549267107114,1549267890239,1549268891176,1549269106801,1549269653208,1549273156124,1549274812426,695000,684000,
0,1549282472729,1549282472729,9223372036854775807,0,1549283618156,1549283710968,1549283713989,1549283989822,1549285676281,1549285891593,1549286554770,1549289622947,1549291639353,380000,955000,
0,1549299155072,1549299155072,9223372036854775807,0,1549300693989,1549301573520,1549301578989,1549301865187,1549303025343,1549303494353,1549304137791,1549307942583,1549309579041,467000,559000,
0,1549315830463,1549315830463,9223372036854775807,0,1549317195395,1549317269718,1549317273572,1549317629458,1549319488416,1549319792374,1549320623364,1549324562374,1549326193781,537000,556000,
0,1549332505562,1549332505562,9223372036854775807,0,1549333916697,1549334360447,1549334365239,1549335379197,1549336724666,1549337278781,1549337923728,1549344549978,1549348291437,2585000,1057000,
0,1549349180480,1549349180480,9223372036854775807,0,1549351321541,1549351404926,1549351409926,1549352770812,1549354502635,1549354910864,1549355654562,1549360579197,1549363977895,565000,2050000,
0,1549365856083,1549365856083,9223372036854775807,0,1549367297687,1549367379510,1549367384666,1549367718312,1549370154718,1549370735812,1549371500708,1549376221801,1549378048833,504000,542000,
0,1549382535240,1549382535240,9223372036854775807,0,1549383805812,1549383888989,1549383894405,1549384288468,1549386738468,1549387214197,1549387968260,1549392869197,1549394847739,612000,682000,
0,1549399211442,1549399211442,9223372036854775807,0,1549401971489,1549402475030,1549402481385,1549402930603,1549404542062,1549404799978,1549406841645,1549413302010,1549418652166,637000,2861000,
0,1549415894060,1549415894060,9223372036854775807,0,1549419833051,1549419932947,1549419938728,1549422094353,1549423820239,1549424270030,1549424870655,1549429504510,1549433605187,1342000,2505000,
0,1549432577211,1549432577211,9223372036854775807,0,1549433565447,1549433630083,1549433632947,1549433898728,1549434988260,1549436508051,1549437514926,1549441788416,1549443605603,407000,865000,
0,1549449256036,1549449256036,9223372036854775807,0,1549450375708,1549450628728,1549450632426,1549450851697,1549451915916,1549452235499,1549453005187,1549456563520,1549457942947,621000,524000,
0,1549465935536,1549465935536,1549446000000,1549449000000,1549467116593,1549470236333,1549470245343,1549470513468,1549471172843,1549471591072,1549472125447,1549475232270,1549477422791,514000,1300000,
0,1549482616174,1549482616174,1549475000000,1549475000000,1549483501541,1549485307062,1549485313364,1549485522843,1549486394353,1549486666853,1549487225760,1549490308312,1549492031853,442000,848000,
0,1549499296455,1549499296455,1549491000000,1549494296455,1549500292166,1549501710551,1549501720551,1549501944353,1549502679510,1549503209978,1549503824197,1549507809041,1549509991593,485000,656000,
0,1549515976539,1549515976539,1549507000000,1549510976539,1549517049145,1549519875708,1549519885083,1549520427791,1549521101541,1549521452114,1549522134458,1549526065551,1549527897583,570000,635000,
0,1549532656896,1549532656896,1549525000000,1549527656896,1549533661385,1549537899249,1549537910760,1549538198780,1549538887062,1549539381228,1549540074145,1549544017114,1549546143416,520000,962000,
0,1549549336128,1549549336128,1549541000000,1549544336128,1549550517010,1549553048103,1549553057010,1549553312791,1549553990083,1549554170812,1549554826593,1549558692999,1549560541072,508000,768000,
0,1549566015659,1549566015659,1549561000000,1549561015659,1549566999249,1549569065655,1549569073989,1549569514458,1549570471541,1549570659301,1549571309770,1549575221958,1549576867270,548000,572000,
0,1549582695032,1549582695032,1549576000000,1549577695032,1549583725187,1549586562635,1549586572062,1549586834926,1549587509510,1549587859249,1549588516593,1549592828520,1549595627739,914000,674000,
0,1549599374554,1549599374554,1549592000000,1549594374554,1549600843832,1549602388051,1549602394353,1549602643051,1549603342947,1549603862687,1549604540395,1549608467687,1549610329718,487000,762000,
0,1549616054025,1549616054025,1549609000000,1549611054025,1549617056645,1549619920499,1549619929562,1549620623676,1549621332478,1549621684718,1549622330239,1549626276593,1549628095291,576000,566000,
0,1549632734957,1549632734957,9223372036854775807,0,1549633540395,1549633564874,1549633567062,1549633680343,1549634122843,1549634203468,1549634439510,1549636108832,1549637090655,274000,405000,
0,1549649415608,1549649415608,9223372036854775807,0,1549652081124,1549652152374,1549652156697,1549652413520,1549653760655,1549654059041,1549654723103,1549658202010,1549659693520,467000,520000,
0,1549666095706,1549666095706,9223372036854775807,0,1549667167687,1549667239249,1549667242687,1549667547791,1549670708728,1549671034562,1549671648051,1549675084093,1549676588780,457000,500000,
0,1549682775475,1549682775475,9223372036854775807,0,1549683942374,1549684016176,1549684019978,1549684319978,1549686172687,1549686651749,1549687271385,1549690888364,1549692674770,445000,805000,
0,1549699455248,1549699455248,9223372036854775807,0,1549701529301,1549701595187,1549701600707,1549702775343,1549704139978,1549704367478,1549705024093,1549709551332,1549713255916,532000,1281000,
0,1549716134707,1549716134707,9223372036854775807,0,1549717391541,1549717456176,1549717463676,1549717854562,1549720696489,1549721103520,1549721784926,1549725694457,1549727335499,521000,577000,
0,1549732814066,1549732814066,9223372036854775807,0,1549734091020,1549734169145,1549734172895,1549734508364,1549737525447,1549737888572,1549738525864,1549742934510,1549744641697,972000,609000,
0,1549749494029,1549749494029,9223372036854775807,0,1549750829093,1549750903364,1549750907166,1549751226541,1549752336593,1549752674197,1549753569874,1549757606593,1549759219822,534000,557000,
0,1549766172584,1549766172584,9223372036854775807,0,1549767633937,1549767715864,1549767722739,1549768112270,1549769842374,1549770253468,1549771797635,1549777344249,1549779399301,1094000,747000,
0,1549782851958,1549782851958,9223372036854775807,0,1549784113468,1549784164874,1549784169666,1549784412218,1549785922166,1549786178416,1549786900916,1549790968572,1549793382374,773000,1219000,
0,1549799535252,1549832868584,9223372036854775807,0,1549836696437,1549836743676,1549836746280,1549836934457,1549837576176,1549837884614,1549838425864,1549841304197,1549842853103,368000,552000,
0,1549849576174,1549849576174,9223372036854775807,0,1549850222322,1549850263728,1549850266020,1549850434770,1549851021541,1549851928416,1549852375812,1549854888103,1549856747791,401000,838000,
0,1549866260704,1549866260704,9223372036854775807,0,1549879512634,1549879543572,1549879545759,1549879682791,1549880188520,1549880510187,1549880881020,1549883308364,1549885165864,491000,984000,
0,1549882945590,1549882945590,9223372036854775807,0,1549883760707,1549883794301,1549883796280,1549883936645,1549884956749,1549885347478,1549885739301,1549887769249,1549888827947,258000,398000,
0,1549899630288,1549899630288,9223372036854775807,0,1549900275551,1549900310864,1549900313155,1549900462739,1549901253989,1549901744405,1549902197478,1549905141280,1549906761957,828000,612000,
0,1549916314970,1549916314970,9223372036854775807,0,1549917067322,1549917108364,1549917110395,1549917274614,1549917915707,1549918792739,1549919291124,1549921959301,1549924777947,436000,2100000,
0,1549932999294,1549932999294,9223372036854775807,0,1549933772687,1549933816332,1549933820447,1549934051176,1549934889041,1549935567791,1549935995239,1549938293155,1549940200707,348000,1210000,
0,1549949140178,1549949140178,9223372036854775807,0,1549949816645,1549949855968,1549949858468,1549950096957,1549951476228,1549951951332,1549952500030,1549955708416,1549956833832,944000,435000,
0,1549965824902,1549965824902,9223372036854775807,0,1549966455082,1549966502062,1549966504249,1549966655499,1549967451280,1549967581645,1549968383676,1549970625812,1549974001697,282000,2709000,
0,1549982509681,1549982509681,9223372036854775807,0,1549983185447,1549983217426,1549983219509,1549983383312,1549984327843,1549984967322,1549985348572,1549987434197,1549988457530,309000,422000,
0,1549999193702,1550015860368,9223372036854775807,0,1550021755551,1550021785499,1550021787426,1550021918155,1550022365759,1550022623155,1550022981645,1550026767322,1550028158832,1994000,556000,
0,1550032543278,1550032543278,9223372036854775807,0,1550033073207,1550033106645,1550033108624,1550033247270,1550033885968,1550034037061,1550034551697,1550036570551,1550038084249,285000,647000,
0,1550049222724,1550065889390,9223372036854775807,0,1550066615551,1550066646384,1550066648468,1550066775864,1550067224561,1550067501384,1550067862791,1550069894874,1550071387061,302000,502000,
0,1550082578411,1550082578411,9223372036854775807,0,1550083451072,1550083516801,1550083519666,1550083863155,1550084483936,1550085055395,1550085516280,1550088031176,1550089779718,344000,767000,
0,1550099257212,1550115923878,9223372036854775807,0,1550121162426,1550121192947,1550121195291,1550121324353,1550121764197,1550122010968,1550122374093,1550126281072,1550127612478,2077000,510000,
0,1550132612378,1550132612378,9223372036854775807,0,1550133494405,1550133534353,1550133536384,1550133701853,1550134474301,1550134808936,1550135255811,1550137663259,1550139441957,389000,797000,
0,1550149286531,1550165953197,9223372036854775807,0,1550167902478,1550167933728,1550167935916,1550168065030,1550168575759,1550168837791,1550169200134,1550171628884,1550173082009,611000,529000,
0,1550182645081,1550182645081,9223372036854775807,0,1550183277582,1550183311957,1550183313832,1550183456436,1550184031332,1550184421228,1550184814197,1550187008364,1550188938051,386000,643000,
0,1550199324079,1550215990745,9223372036854775807,0,1550220907374,1550220938259,1550220940395,1550221073780,1550221513364,1550221773989,1550222146332,1550224105916,1550225914666,297000,891000,
0,1550232681117,1550232681117,9223372036854775807,0,1550233280655,1550233320551,1550233322895,1550233483989,1550233824561,1550234160811,1550234621124,1550237125239,1550238899874,486000,779000,
0,1550984002755,1551000669421,9223372036854775807,0,1551007718155,1551007748780,1551013795655,1551018719092,1551021738988,1551021925447,1551022982165,1551028062426,1551030583780,888000,948000,
0,1551416975642,1551416975642,9223372036854775807,0,1551417956019,1551418073571,1551418080551,1551424507113,1551426546436,1551427757165,1551429598467,1551442920498,1551446449561,2270000,2483000,
