0,311235836499080,311235836499080,311235826000000,311235831499080,311235836891242,311235837473550,311235837591396,311235837680473,311235838185319,311235838370473,311235839610242,311235841530781,311235842659627,
0,311235853238749,311235853238749,311235837000000,311235842500000,311235853589704,311235854186473,311235854308319,311235854395089,311235854948166,311235855089704,311235856323012,311235858367858,311235859959012,
0,311235869978458,311235869978458,311235854000000,311235862000000,311235870339550,311235870920242,311235871036012,311235871113781,311235871694550,311235871862550,311235873273242,311235875259627,311235876804550,
0,311235886578753,311235886578753,311235871000000,311235879000000,311235886892242,311235887459166,311235887578089,311235887658858,311235888230242,311235888360396,311235889562704,311235891453396,311235892864781,
0,311235903291277,311235903291277,311235887000000,311235895000000,311235903651704,311235904283473,311235904404473,311235904487781,311235905003550,311235905139012,311235906353089,311235908463781,311235910387781,
0,311235920003704,311235920003704,311235904000000,311235912000000,311235920377550,311235920955319,311235921075319,311235921147935,311235921627166,311235921771473,311235923113012,311235925195781,311235926377166,
0,311235936716054,311235936716054,311235921000000,311235929000000,311235937087781,311235937665319,311235937787627,311235937865319,311235938410473,311235938573319,311235939808935,311235942910781,311235944175858,
0,311235953428344,311235953428344,311235937000000,311235945000000,311235953797550,311235954419396,311235954542704,311235954622242,311235955139242,311235955277935,311235956650319,311235959356627,311235961120396,
0,311235970140458,311235970140458,9223372036854775807,0,311235970513012,311235970549935,311235970636781,311235970682935,311235972882242,311235973047473,311235974341935,311235976831166,311235978568935,
0,311235986852631,311235986852631,9223372036854775807,0,311235987231550,311235987268781,311235987367704,311235987447781,311235988643935,311235988780935,311235990064935,311235992058396,311235993913242,
0,311236003565029,311236003565029,9223372036854775807,0,311236003927473,311236003960935,311236004115704,311236004199704,311236005188704,311236005310396,311236006475166,311236008296319,311236010035704,
0,311236020277456,311236020277456,9223372036854775807,0,311236020624473,311236020660473,311236020752166,311236020829781,311236021910166,311236022037012,311236023206319,311236025087704,311236026872935,
0,311236036989845,311236036989845,9223372036854775807,0,311236037345319,311236037381012,311236037470858,311236037548704,311236038618858,311236038757704,311236039934319,311236041850858,311236043787473,
0,311236053702255,311236053702255,9223372036854775807,0,311236054044012,311236054080319,311236054173242,311236054246166,311236055289704,311236055422396,311236056625935,311236058558089,311236060480858,
0,311236070414605,311236070414605,9223372036854775807,0,311236070771935,311236070806089,311236070899012,311236070975935,311236072083473,311236072213935,311236073383319,311236075335242,311236077526166,
0,311236087126850,311236087126850,9223372036854775807,0,311236087505319,311236087541012,311236087637550,311236087721242,311236088743396,311236088871704,311236090044012,311236091903704,311236093927627,
0,311236103838931,311236103838931,9223372036854775807,0,311236104271550,311236104308704,311236104406550,311236104492781,311236105336089,311236105468319,311236106633704,311236108576550,311236110516012,
0,311236120550470,311236120550470,9223372036854775807,0,311236120956396,311236120992089,311236121088319,311236121163089,311236122004012,311236122132242,311236123275550,311236125168858,311236126976319,
0,311236137262810,311236137262810,9223372036854775807,0,311236137616627,311236137652781,311236137743166,311236137819242,311236138610627,311236138734858,311236139873935,311236141749396,311236143585396,
0,311236153975179,311236153975179,9223372036854775807,0,311236154324012,311236154358935,311236154454704,311236154532704,311236155293781,311236155421627,311236156608858,311236158467319,311236160372012,
0,311236170687540,311236170687540,9223372036854775807,0,311236171039166,311236171074242,311236171164242,311236171239704,311236172069627,311236172200166,311236173078781,311236174616166,311236176554550,
0,311236187399876,311236187399876,9223372036854775807,0,311236187757473,311236187791704,311236187882089,311236187959012,311236188785166,311236188911858,311236189613089,311236191055550,311236192926858,
0,311236204112224,311236204112224,9223372036854775807,0,311236204466935,311236204503012,311236204593858,311236204668242,311236205438935,311236205565935,311236206270627,311236207795935,311236209602858,
0,311236220824523,311236220824523,9223372036854775807,0,311236221175396,311236221211396,311236221301550,311236221377627,311236222139012,311236222269704,311236223029012,311236224568242,311236226333704,
0,311236237536894,311236237536894,9223372036854775807,0,311236237884166,311236237918396,311236238008781,311236238083935,311236238846166,311236238973704,311236239681935,311236241272935,311236243081627,
0,311236254249147,311236254249147,9223372036854775807,0,311236254604242,311236254638242,311236254726781,311236254802781,311236255584012,311236255707396,311236256469242,311236258354627,311236262093627,
0,311236270961259,311236270961259,9223372036854775807,0,311236271335242,311236271370858,311236271457089,311236271538012,311236272496473,311236272630935,311236273413012,311236276996704,311236278837935,
0,311236287673308,311236287673308,9223372036854775807,0,311236288085550,311236288122704,311236288124550,311236288215858,311236288273704,311236288406781,311236289142550,311236292835242,311236294820858,
0,311237816189069,311237816189069,311237786000000,311237786000000,311237816511319,311237817024473,311237817026166,311237817085396,311237824842627,311237825007396,311237825692166,311237830609473,311237832048396,
0,311237859516737,311237859516737,311237834000000,311237842000000,311237859829781,311237860409012,311237860516012,311237860778473,311237861467858,311237861618704,311237862907627,311237882806781,311237884296396,
0,311237876254887,311237876254887,9223372036854775807,0,311237877261166,311237877296550,311237877297550,311237877379550,311237877688935,311237884938704,311237886088627,311237888204319,311237889857550,
0,311237892994280,311237892994280,311237862000000,311237862000000,311237893367935,311237893906396,311237894017858,311237894079166,311237894563550,311237894704396,311237895829319,311237897763243,311237898882935,
0,311237909733743,311237909733743,311237894000000,311237894000000,311237910112243,311237910694627,311237910819396,311237910884704,311237911408243,311237911570627,311237912930858,311237914834781,311237916141243,
0,311237926360286,311237926360286,311237910000000,311237918000000,311237926673935,311237927277473,311237927403704,311237927482781,311237927981627,311237928188396,311237929565319,311237931729012,311237933011012,
0,311237943076136,311237943076136,311237927000000,311237935000000,311237943427550,311237944071858,311237944202166,311237944293012,311237944807243,311237944958550,311237946192089,311237947943781,311237949164935,
0,311237959791969,311237959791969,311237944000000,311237952000000,311237960174550,311237960692550,311237960791781,311237960855319,311237961275319,311237961433627,311237962793627,311237964862627,311237965997704,
0,311237976507675,311237976507675,311237960000000,311237968000000,311237976887396,311237977528550,311237977651550,311237977727012,311237978243704,311237978384012,311237979728166,311237981693858,311237982833166,
0,311237993223352,311237993223352,311237977000000,311237985000000,311237993596781,311237994201858,311237994331704,311237994409704,311237994953858,311237995096012,311237996482319,311237998852550,311238000284781,
0,311238009938807,311238009938807,9223372036854775807,0,311238010320319,311238010356704,311238010432166,311238010475473,311238011492704,311238011635935,311238013036089,311238015127012,311238016431243,
0,311238026654281,311238026654281,9223372036854775807,0,311238027056550,311238027092704,311238027189319,311238027275396,311238028532319,311238028688396,311238029918243,311238031876089,311238033608704,
0,311238043369967,311238043369967,9223372036854775807,0,311238043742627,311238043779012,311238043872319,311238043948396,311238044987012,311238045114319,311238046389704,311238048311166,311238050086858,
0,311238060085842,311238060085842,9223372036854775807,0,311238060440627,311238060475166,311238060568858,311238060644166,311238061612243,311238061739550,311238062914858,311238064820473,311238066518473,
0,311238076801646,311238076801646,9223372036854775807,0,311238077154627,311238077190243,311238077280166,311238077359243,311238078389704,311238078520012,311238079701627,311238081594935,311238083236627,
0,311238093517331,311238093517331,9223372036854775807,0,311238093862627,311238093898473,311238093987550,311238094064704,311238095033012,311238095180627,311238096466935,311238098423935,311238100167473,
0,311238110233163,311238110233163,9223372036854775807,0,311238110587550,311238110623166,311238110718319,311238110794089,311238111743473,311238111869627,311238113095089,311238114877396,311238116627550,
0,311238126949007,311238126949007,9223372036854775807,0,311238127304396,311238127340089,311238127433704,311238127510396,311238128337781,311238128454704,311238129674012,311238131657781,311238133428781,
0,311238143664890,311238143664890,9223372036854775807,0,311238144029935,311238144067089,311238144162627,311238144240319,311238145014166,311238145142012,311238146331704,311238148179935,311238149811935,
0,311238160380787,311238160380787,9223372036854775807,0,311238160738012,311238160772858,311238160866704,311238160942319,311238161694704,311238161812473,311238162992627,311238164843319,311238166482858,
0,311238177097004,311238177097004,9223372036854775807,0,311238177422473,311238177458781,311238177551935,311238177627627,311238178399627,311238178519473,311238179663704,311238181505781,311238183127704,
0,311238193812809,311238193812809,9223372036854775807,0,311238194163858,311238194199396,311238194289935,311238194366166,311238195175627,311238195298089,311238196533935,311238198351243,311238199958166,
0,311238210528601,311238210528601,9223372036854775807,0,311238210886166,311238210921627,311238211014319,311238211092858,311238211832935,311238211960627,311238213148473,311238214902473,311238216655319,
0,311238227244440,311238227244440,9223372036854775807,0,311238227594166,311238227630243,311238227724243,311238227801243,311238228647166,311238228768858,311238229630627,311238231161319,311238232943089,
0,311238243960279,311238243960279,9223372036854775807,0,311238244312858,311238244348396,311238244442781,311238244517550,311238245254473,311238245379243,311238246129935,311238247607166,311238249237627,
0,311238260676102,311238260676102,9223372036854775807,0,311238261026627,311238261060012,311238261151012,311238261227473,311238261940243,311238262061473,311238262760935,311238264316473,311238265922858,
0,311238277391804,311238277391804,9223372036854775807,0,311238277752319,311238277787627,311238277882396,311238277961089,311238278730166,311238278853396,311238279577473,311238281123935,311238282740473,
0,311238294107567,311238294107567,9223372036854775807,0,311238294458781,311238294494243,311238294584627,311238294660243,311238295419781,311238295543473,311238296475858,311238298366935,311238301957243,
0,311238310823161,311238310823161,9223372036854775807,0,311238311233012,311238311269781,311238311359858,311238311444704,311238312116243,311238312233396,311238312973243,311238314772473,311238316659627,
0,311238327538584,311238327538584,9223372036854775807,0,311238327923319,311238327960935,311238327962012,311238328093935,311238328983166,311238329119473,311238329903935,311238333519396,311238335313396,
0,311238344254157,311238344254157,9223372036854775807,0,311238344610396,311238344647550,311238344648473,311238344737858,311238344795781,311238344935704,311238345676319,311238349434166,311238351383473,
0,311239799352118,311239799352118,311239768000000,311239768000000,311239799606166,311239800168627,311239800171089,311239800243858,311239807821012,311239808086858,311239808809320,311239814083627,311239816111166,
0,311239849538573,311239849538573,311239833000000,311239833000000,311239849875704,311239850812473,311239850931166,311239851151781,311239851859166,311239852533166,311239853759627,311239860951704,311239862275397,
0,311239866277701,311239866277701,311239851000000,311239859000000,311239866669550,311239867202320,311239867274397,311239867344243,311239867757704,311239867894858,311239869209704,311239871208166,311239872440935,
0,311239883016893,311239883016893,311239867000000,311239875000000,311239883372627,311239883944550,311239884098243,311239884166243,311239884551243,311239884681089,311239885921012,311239887785089,311239889047627,
0,311239899751520,311239899751520,311239884000000,311239892000000,311239900430704,311239901018473,311239901142012,311239901260704,311239901798089,311239901941935,311239903303627,311239905490627,311239906767550,
0,311239916370456,311239916370456,311239901000000,311239909000000,311239916679550,311239917251473,311239917378704,311239917453012,311239917943704,311239918084781,311239919299704,311239921192858,311239922374627,
0,311239933083693,311239933083693,311239917000000,311239925000000,311239933421858,311239933992935,311239934117627,311239934200320,311239934717704,311239934850935,311239936193704,311239938041320,311239939222166,
0,311239949796759,311239949796759,311239934000000,311239942000000,311239950155166,311239950728473,311239950846012,311239950925935,311239951342243,311239951474012,311239952844397,311239954808473,311239955947473,
0,311239966509878,311239966509878,311239950000000,311239958000000,311239966875089,311239967460166,311239967581550,311239967659473,311239968147935,311239968456243,311239969988012,311239972239781,311239973497166,
0,311239983222989,311239983222989,311239967000000,311239975000000,311239983576781,311239984268858,311239984396550,311239984483089,311239984974858,311239985192166,311239986407627,311239988648473,311239990004243,
0,311239999935591,311239999935591,9223372036854775807,0,311240000358627,311240000397166,311240000484627,311240000531935,311240001627550,311240001775166,311240002996704,311240005000320,311240006229550,
0,311240016648603,311240016648603,9223372036854775807,0,311240017017089,311240017054243,311240017155012,311240017251550,311240018450089,311240018578320,311240019788089,311240021842473,311240023521550,
0,311240033361523,311240033361523,9223372036854775807,0,311240033735704,311240033771166,311240033867473,311240033946243,311240034917935,311240035043858,311240036305012,311240038169935,311240039778243,
0,311240050074551,311240050074551,9223372036854775807,0,311240050436550,311240050471166,311240050564012,311240050642627,311240051567473,311240051696166,311240052910012,311240054747320,311240056458473,
0,311240066787656,311240066787656,9223372036854775807,0,311240067140935,311240067176397,311240067266550,311240067344550,311240068552243,311240068670704,311240069836089,311240071655012,311240073451320,
0,311240083500783,311240083500783,9223372036854775807,0,311240083845166,311240083881320,311240083976397,311240084087320,311240085039935,311240085169858,311240086339704,311240088302781,311240090007704,
0,311240100213905,311240100213905,9223372036854775807,0,311240100559858,311240100592858,311240100682397,311240100759397,311240101650243,311240101782166,311240102971166,311240104864935,311240106479473,
0,311240116927020,311240116927020,9223372036854775807,0,311240117280781,311240117316320,311240117404473,311240117477858,311240118194089,311240118324550,311240119475320,311240121333473,311240122955320,
0,311240133640149,311240133640149,9223372036854775807,0,311240133995704,311240134030781,311240134122243,311240134199166,311240134917089,311240135038781,311240136305397,311240138131935,311240139794473,
0,311240150353258,311240150353258,9223372036854775807,0,311240150708320,311240150743012,311240150835012,311240150910627,311240151648704,311240151769473,311240152963858,311240154759935,311240156460320,
0,311240167066301,311240167066301,9223372036854775807,0,311240167429012,311240167464320,311240167553473,311240167628320,311240168399781,311240168520320,311240169667627,311240171448858,311240173091627,
0,311240183779392,311240183779392,9223372036854775807,0,311240184156320,311240184191627,311240184282089,311240184358935,311240185110243,311240185227627,311240186372627,311240188223935,311240189829858,
0,311240200492444,311240200492444,9223372036854775807,0,311240200858397,311240200895320,311240200998166,311240201081858,311240201868781,311240202004166,311240202882243,311240204644935,311240206445320,
0,311240217205421,311240217205421,9223372036854775807,0,311240217586704,311240217623089,311240217717704,311240217802473,311240218546166,311240218669473,311240219382089,311240221030012,311240222791858,
0,311240233918387,311240233918387,9223372036854775807,0,311240234281935,311240234319704,311240234414012,311240234490243,311240235215627,311240235343397,311240236093397,311240237609858,311240239227781,
0,311240250631394,311240250631394,9223372036854775807,0,311240251000704,311240251034473,311240251127166,311240251203781,311240251860397,311240251988012,311240252805704,311240254310089,311240255952089,
0,311240267344424,311240267344424,9223372036854775807,0,311240267682550,311240267715089,311240267801550,311240267877781,311240268605243,311240268725320,311240269432858,311240270908704,311240272595166,
0,311240284057462,311240284057462,9223372036854775807,0,311240284394166,311240284428089,311240284521781,311240284604243,311240285688935,311240285847473,311240286610627,311240288453858,311240290221550,
0,311240300770392,311240300770392,9223372036854775807,0,311240301148243,311240301184935,311240301278397,311240301360935,311240302219166,311240302352166,311240303136012,311240307019473,311240308747012,
0,311240317483251,311240317483251,9223372036854775807,0,311240317854166,311240317891550,311240317892858,311240317981320,311240318039704,311240318175550,311240318910627,311240322767781,311240324667166,
0,311241805955131,311241805955131,311241759000000,311241759000000,311241806229012,311241806845397,311241806847474,311241806915704,311241814735474,311241814872704,311241815534627,311241820713166,311241823152089,
0,311241839407857,311241839407857,311241822000000,311241829500000,311241839713704,311241840353627,311241840459012,311241840725858,311241841616474,311241841782550,311241842918550,311241861594627,311241863409397,
0,311241856144230,311241856144230,9223372036854775807,0,311241857269858,311241857305243,311241857306474,311241857389781,311241857693320,311241864130627,311241865121781,311241867120704,311241869767474,
0,311241872883603,311241872883603,311241841000000,311241849000000,311241873237781,311241873738166,311241873834781,311241873888627,311241874241935,311241874358627,311241875382166,311241877527858,311241878652320,
0,311241889622790,311241889622790,311241873000000,311241873000000,311241889980627,311241890534550,311241890630858,311241890693550,311241891056397,311241891198550,311241892443935,311241894250781,311241895489781,
0,311241906362110,311241906362110,311241890000000,311241898000000,311241906722627,311241907346012,311241907479474,311241907564320,311241908126474,311241908296474,311241909533166,311241911796397,311241913257166,
0,311241923004468,311241923004468,311241907000000,311241915000000,311241923311089,311241923839627,311241923943166,311241924051166,311241924494243,311241924657243,311241925836243,311241927635089,311241929033935,
0,311241939723996,311241939723996,311241924000000,311241932000000,311241940140781,311241940726474,311241940835704,311241940900012,311241941302320,311241941454858,311241942725627,311241944714781,311241945876166,
0,311241956443272,311241956443272,311241940000000,311241948000000,311241956814320,311241957396012,311241957517397,311241957602627,311241958017243,311241958159397,311241959374704,311241961323627,311241962481320,
0,311241973162642,311241973162642,311241957000000,311241965000000,311241973540935,311241974160320,311241974283012,311241974365243,311241974783320,311241974923781,311241976152166,311241978428935,311241979818781,
0,311241989881829,311241989881829,9223372036854775807,0,311241990276397,311241990314858,311241990403089,311241990449243,311241991505935,311241991653397,311241992902474,311241995003858,311241996406935,
0,311242006600995,311242006600995,9223372036854775807,0,311242007011935,311242007048627,311242007151243,311242007236781,311242008512550,311242008696243,311242009924166,311242011899012,311242013769320,
0,311242023320350,311242023320350,9223372036854775807,0,311242023681397,311242023716166,311242023812089,311242023887089,311242024811704,311242024928012,311242025977474,311242027740550,311242029603627,
0,311242040039905,311242040039905,9223372036854775807,0,311242040394550,311242040431550,311242040526320,311242040605550,311242041530858,311242041661243,311242042724243,311242044504243,311242046237397,
0,311242056759435,311242056759435,9223372036854775807,0,311242057112858,311242057148243,311242057237858,311242057315550,311242058253320,311242058377858,311242059436935,311242061251166,311242062956474,
0,311242073478889,311242073478889,9223372036854775807,0,311242073841627,311242073877704,311242073970627,311242074048166,311242074977858,311242075107012,311242076226089,311242078107474,311242079850858,
0,311242090198210,311242090198210,9223372036854775807,0,311242090563243,311242090601012,311242090720166,311242090811012,311242091771550,311242091897320,311242093113474,311242094889704,311242096907320,
0,311242106917276,311242106917276,9223372036854775807,0,311242107316935,311242107351935,311242107448627,311242107531627,311242108333858,311242108470781,311242109504935,311242111348781,311242113426397,
0,311242123636585,311242123636585,9223372036854775807,0,311242124051089,311242124085781,311242124181243,311242124258781,311242124995935,311242125124935,311242126198550,311242127964781,311242129772474,
0,311242140356049,311242140356049,9223372036854775807,0,311242140720166,311242140757397,311242140851166,311242140929858,311242141654781,311242141786704,311242142820089,311242144623858,311242146365550,
0,311242157075674,311242157075674,9223372036854775807,0,311242157426781,311242157461858,311242157555704,311242157633474,311242158377550,311242158500089,311242159527320,311242161275089,311242163082858,
0,311242173795102,311242173795102,9223372036854775807,0,311242174141858,311242174175858,311242174272089,311242174349243,311242175069935,311242175197320,311242176479858,311242178275397,311242180217781,
0,311242190514559,311242190514559,9223372036854775807,0,311242190861397,311242190894627,311242190985474,311242191060781,311242191788550,311242191961935,311242193156704,311242194861243,311242196711704,
0,311242207234013,311242207234013,9223372036854775807,0,311242207595243,311242207632166,311242207728166,311242207803935,311242208559474,311242208684012,311242209412012,311242210862166,311242212734550,
0,311242223953512,311242223953512,9223372036854775807,0,311242224304474,311242224339781,311242224428704,311242224504166,311242225177166,311242225301858,311242225892089,311242227315627,311242229159550,
0,311242240672999,311242240672999,9223372036854775807,0,311242241018474,311242241053627,311242241144397,311242241218550,311242241897089,311242242025627,311242242604781,311242243938704,311242245729166,
0,311242257392429,311242257392429,9223372036854775807,0,311242257733781,311242257766858,311242257856474,311242257933243,311242258624858,311242258755320,311242259329935,311242260749012,311242262488243,
0,311242274111970,311242274111970,9223372036854775807,0,311242274455089,311242274488858,311242274579858,311242274658704,311242275335627,311242275468704,311242276088781,311242277526243,311242279234781,
0,311242290831152,311242290831152,9223372036854775807,0,311242291278012,311242291316397,311242291407627,311242291492550,311242292183781,311242292311397,311242292985320,311242294700166,311242296745320,
0,311242307550138,311242307550138,9223372036854775807,0,311242307943474,311242307981704,311242307982858,311242308108320,311242309075012,311242309197397,311242309844089,311242313302704,311242315225551,
0,311242324269499,311242324269499,9223372036854775807,0,311242324629627,311242324666551,311242324667935,311242324755627,311242324815627,311242324941320,311242325552089,311242329208858,311242331236627,
