0,1049744286470,1049744286470,1049729000000,1049729000000,1049748705632,1049749557709,1049749599171,1049749652171,1049749818478,1049749924825,1049750101286,1049751303632,1049754254594,
0,1049760901022,1049760901022,9223372036854775807,0,1049761361402,1049761388786,1049761983171,1049762054978,1049762252402,1049762351902,1049762543132,1049763782825,1049766096132,
0,1049777519033,1049777519033,9223372036854775807,0,1049777941325,1049777967786,1049806817863,1049814509478,1049818056248,1049818121363,1049818455286,1049823105517,1049825147825,
0,1049810749957,1049810749957,9223372036854775807,0,1049822072248,1049822076401,1049822613825,1049822681055,1049822830401,1049825239478,1049825407440,1049826596517,1049850650325,
0,1049827364376,1049827364376,9223372036854775807,0,1049827825325,1049827852863,1049828484478,1049828547748,1049828707555,1049850728825,1049851233671,1049852534901,1049877962825,
0,1049843986665,1049843986665,9223372036854775807,0,1049852918709,1049852951901,1049856133248,1049856221440,1049856393632,1049878056632,1049878281940,1049879711940,1049882223671,
0,1049860592568,1049877259234,9223372036854775807,0,1049878467286,1049878491594,1049879167863,1049879242978,1049879474940,1049882304401,1049882493132,1049883766440,1049887317517,
0,1049893831570,1049893831570,9223372036854775807,0,1049898601248,1049898650748,1049899580901,1049899638094,1049899803748,1049899893517,1049900152863,1049901449363,1049906655786,
0,1049910437267,1049910437267,9223372036854775807,0,1049919956632,1049920170286,1049920617286,1049920683440,1049920855248,1049920965440,1049921150748,1049922399478,1049941420671,
0,1049927053407,1049927053407,1049908000000,1049911000000,1049927499324,1049928452786,1049928781632,1049929047478,1049929239863,1049941514517,1049942175901,1049943463055,1049950546055,
0,1049943667075,1049943667075,1049936000000,1049936000000,1049944150209,1049945135017,1049945599863,1049945722978,1049945938594,1049950629209,1049950822594,1049952226017,1049957745248,
0,1049960284134,1049960284134,1049950000000,1049955284134,1049960716478,1049961741132,1049961787132,1049961876748,1049962362132,1049962637671,1049962849440,1049964515863,1049974038978,
0,1049976889538,1049976889538,1049967000000,1049971889538,1049977889709,1049979113863,1049979153555,1049979232440,1049979418055,1049979509171,1049979698709,1049981326286,1049987109940,
0,1050010121526,1050010121526,1049990000000,1049990000000,1050010543401,1050022863671,1050022892940,1050023151517,1050028978863,1050029085209,1050039422017,1050041043671,1050051422747,
0,1050026735395,1050026735395,9223372036854775807,0,1050041728324,1050041828017,1050041911824,1050041960824,1050042290555,1050051512055,1050051742978,1050052489401,1050058214132,
0,1050076579998,1050076579998,1050066000000,1050066000000,1050077160209,1050078173709,1050078207401,1050078273901,1050078463055,1050078540747,1050078756594,1050083799786,1050086234594,
0,1050093195648,1050093195648,1050087000000,1050087000000,1050093580440,1050094532632,1050094614786,1050094680401,1050094865209,1050094938401,1050095130247,1050099098940,1050102205440,
0,1050109811557,1050109811557,1050100000000,1050104811557,1050110233824,1050113263478,1050113295017,1050113361171,1050113528401,1050113633901,1050113907171,1050115348632,1050126950324,
0,1050126426570,1050126426570,1050118000000,1050121426570,1050126858286,1050127866940,1050127904132,1050127977709,1050128305901,1050128377401,1050128573863,1050130093363,1050139569786,
0,1050143041542,1050143041542,9223372036854775807,0,1050143716901,1050143745709,1050147599517,1050147667209,1050147841901,1050147920478,1050148172286,1050149548094,1050151546555,
0,1050159656503,1050159656503,9223372036854775807,0,1050160225017,1050160229824,1050161387017,1050161456478,1050161638632,1050161708401,1050161874440,1050163103863,1050166087247,
0,1050176269778,1050176269778,9223372036854775807,0,1050177278478,1050177304824,1050178047632,1050178113324,1050178259517,1050178348401,1050178557324,1050179915094,1050181783247,
0,1050192884653,1050192884653,9223372036854775807,0,1050193321363,1050193349863,1050216623709,1050216839247,1050220686901,1050220772632,1050221534786,1050225081094,1050232442132,
0,1050209499603,1050209499603,9223372036854775807,0,1050221695670,1050221717440,1050222389555,1050222441709,1050222823632,1050232521055,1050232762670,1050234307863,1050258538747,
0,1050226115436,1050226115436,9223372036854775807,0,1050234762709,1050234765555,1050235396286,1050235461824,1050235627055,1050258639247,1050259277786,1050263196709,1050271511209,
0,1050242731373,1050259398039,9223372036854775807,0,1050259435209,1050259459286,1050260196286,1050260255170,1050260414555,1050271601247,1050271807863,1050273460863,1050283197863,
0,1050275959387,1050275959387,9223372036854775807,0,1050279072555,1050279100440,1050282460286,1050282529824,1050282698824,1050283274324,1050286236863,1050287947632,1050291256670,
0,1050292574977,1050292574977,1050287000000,1050287574977,1050294841709,1050295795747,1050296357901,1050296581978,1050296777593,1050296850363,1050297058286,1050298649824,1050300517401,
0,1050309189192,1050309189192,1050301000000,1050304189192,1050309740863,1050312929786,1050313461517,1050313534170,1050313778901,1050313888786,1050314205132,1050315616670,1050317278670,
0,1050325807245,1050325807245,1050318000000,1050320807245,1050326178478,1050327124786,1050328251017,1050328333863,1050328514170,1050328595824,1050328782517,1050330189363,1050336888978,
0,1050342421611,1050342421611,1050334000000,1050337421611,1050342764901,1050343988901,1050344764247,1050344838940,1050345019632,1050345088093,1050345259209,1050346450786,1050352129978,
0,1050359036449,1050359036449,1050349000000,1050354036449,1050359472747,1050360913132,1050361313901,1050361384632,1050361574670,1050361645516,1050361828247,1050363053516,1050387612132,
0,1050375652394,1050375652394,1050366000000,1050370652394,1050377632670,1050378412940,1050378621401,1050378677593,1050378822055,1050387689132,1050388338593,1050389634593,1050397582747,
0,1050392264571,1050392264571,1050383000000,1050387264571,1050392785824,1050397413555,1050397757286,1050397826170,1050397981632,1050399364324,1050399962247,1050401404901,1050405224978,
0,1050408877865,1050408877865,1050402000000,1050403877865,1050409490516,1050426743593,1050427225247,1050427455978,1050431197247,1050431290016,1050432493555,1050433758247,1050435827401,
0,1050425494804,1050425494804,9223372036854775807,0,1050437351286,1050437475709,1050437905286,1050437970170,1050438357363,1050438446055,1050438639440,1050439826632,1050464531170,
0,1050442110523,1050442110523,1050432000000,1050432000000,1050443142093,1050444719093,1050445104978,1050445176440,1050445352016,1050464611555,1050465136439,1050471245363,1050487109978,
0,1050458723629,1050458723629,1050450000000,1050453723629,1050465357055,1050466127247,1050466376593,1050466437978,1050466601478,1050487185439,1050487368863,1050488960093,1050491819670,
0,1050475339871,1050475339871,9223372036854775807,0,1050488564555,1050488580670,1050490388209,1050490462209,1050490943901,1050491923439,1050492185555,1050493675016,1050496976478,
0,1050491955242,1050491955242,9223372036854775807,0,1050493868555,1050493871747,1050495393939,1050495467016,1050495609516,1050497116401,1050497458786,1050499031747,1050503227747,
0,1050508569201,1050508569201,9223372036854775807,0,1050508984439,1050509011170,1050509753824,1050509854170,1050510124439,1050510206978,1050510487516,1050512088016,1050516719978,
0,1050525185338,1050525185338,9223372036854775807,0,1050525592132,1050525618209,1050526591055,1050526692016,1050527069670,1050527362978,1050527647324,1050529061478,1050535775670,
0,1050541799932,1050541799932,9223372036854775807,0,1050542216670,1050542219978,1050543333786,1050543411824,1050543594901,1050543928093,1050544199824,1050545613363,1050550543555,
0,1050558414847,1050558414847,9223372036854775807,0,1050558800363,1050558826632,1050559753901,1050559837093,1050559998478,1050560282824,1050560481747,1050564832055,1050568927439,
0,1050575029392,1050575029392,9223372036854775807,0,1050575442286,1050575469209,1050576661439,1050576736401,1050576894747,1050576986093,1050577171093,1050584777439,1050595923901,
0,1050591644249,1050591644249,9223372036854775807,0,1050592165978,1050592192824,1050592992824,1050593075747,1050593290439,1050596001209,1050596576439,1050598090901,1050616688401,
0,1050608259896,1050608259896,9223372036854775807,0,1050608699555,1050608727862,1050609786055,1050609860786,1050610020516,1050616767324,1050617199170,1050618749593,1050622625132,
0,1050624881459,1050624881459,9223372036854775807,0,1050625270247,1050625297939,1050626341170,1050626430939,1050626648055,1050626719209,1050626896824,1050628412670,1050632437439,
0,1050641493020,1050641493020,9223372036854775807,0,1050641899786,1050641924901,1050653635709,1050653828901,1050656555286,1050656626516,1050657542786,1050659418170,1050661313093,
0,1050658107855,1050658107855,9223372036854775807,0,1050658531978,1050658558362,1050660345016,1050660415247,1050661022555,1050661387247,1050661588901,1050663110709,1050668595670,
0,1050674722086,1050674722086,9223372036854775807,0,1050675175862,1050675178709,1050676209632,1050676275862,1050676437478,1050676494132,1050676725132,1050678289170,1050685390901,
0,1050691336852,1050691336852,9223372036854775807,0,1050691933747,1050691966978,1050693440247,1050693511247,1050693671209,1050693746709,1050693936247,1050700772632,1050702387862,
0,1050707948773,1050707948773,9223372036854775807,0,1050709087401,1050709123516,1050710020055,1050710079862,1050710215824,1050710275478,1050710473324,1050712399670,1050740926901,
0,1050724563720,1050724563720,9223372036854775807,0,1050725326747,1050725352132,1050726455516,1050726503978,1050726713555,1050741031978,1050742723901,1050745050247,1050750406055,
0,1050741177452,1050741177452,9223372036854775807,0,1050743645285,1050743677747,1050744795516,1050744878439,1050745074747,1050750488593,1050750694401,1050752617978,1050756168362,
0,1050757792313,1050757792313,9223372036854775807,0,1050758276324,1050758300632,1050759291093,1050759410824,1050759748285,1050759833247,1050760169516,1050761978247,1050765401978,
0,1050774405527,1050774405527,9223372036854775807,0,1050775314439,1050775319324,1050776528824,1050776598055,1050776761632,1050776835785,1050777037747,1050778761285,1050782682055,
0,1050791018933,1050791018933,9223372036854775807,0,1050791572708,1050791608247,1050792775285,1050792855285,1050793026132,1050793101708,1050793309247,1050795062132,1050799664747,
0,1050807633346,1050807633346,9223372036854775807,0,1050808137516,1050808163478,1050809257978,1050809323401,1050809487401,1050809586785,1050809803670,1050811539939,1050818753901,
0,1050824248341,1050824248341,9223372036854775807,0,1050824694978,1050824720824,1050825854285,1050825928208,1050826161362,1050826238093,1050826461670,1050828320516,1050835177670,
0,1050840863455,1050840863455,9223372036854775807,0,1050841341285,1050841370324,1050842411247,1050842479324,1050842637170,1050842693939,1050842883439,1050844677247,1050874676939,
0,1050857478312,1050857478312,9223372036854775807,0,1050858204055,1050858229132,1050859039516,1050859101516,1050859298862,1050874814208,1050875635016,1050877691324,1050882975824,
0,1050874092939,1050874092939,9223372036854775807,0,1050875791208,1050875817362,1050876807132,1050876880362,1050877037978,1050883062901,1050883268939,1050885054208,1050893051439,
0,1050890708442,1050890708442,9223372036854775807,0,1050891905247,1050891944362,1050893030901,1050893106747,1050893282593,1050893388439,1050893943401,1050895692785,1050901392516,
0,1050907314194,1050907314194,9223372036854775807,0,1050908556285,1050908592631,1050909440708,1050909515978,1050909694285,1050909764978,1050909969055,1050911592516,1050918023516,
0,1050923926724,1050923926724,9223372036854775807,0,1050924527747,1050924563055,1050927709631,1050927776516,1050927959208,1050928219670,1050928499978,1050930113593,1050934774593,
0,1050940541891,1050940541891,9223372036854775807,0,1050941037170,1050941063516,1050941893093,1050941981093,1050942198093,1050942284862,1050942456016,1050944117324,1050971054862,
0,1050957157172,1050957157172,9223372036854775807,0,1050957625747,1050957652631,1050958738978,1050958801593,1050958986093,1050971134439,1050972142208,1050973958170,1050981242516,
0,1050973784449,1050973784449,9223372036854775807,0,1050974668631,1050974714631,1050975604016,1050975681285,1050975840785,1050981322747,1050981490631,1050983090708,1050989719516,
0,1050990396703,1050990396703,9223372036854775807,0,1050990849593,1050990875401,1050991705862,1050991793785,1050991981862,1050992109747,1050992346362,1050994004324,1051001275631,
0,1051007008491,1051007008491,9223372036854775807,0,1051007480478,1051007508824,1051008433862,1051008522631,1051008734054,1051008827093,1051009015362,1051010632093,1051017840747,
0,1051023620225,1051023620225,9223372036854775807,0,1051024147862,1051024173247,1051025210439,1051025290247,1051025567939,1051025638747,1051025823516,1051027443208,1051037392785,
0,1051040231119,1051040231119,9223372036854775807,0,1051041154901,1051041180516,1051041952901,1051042014093,1051042155747,1051042216901,1051042433208,1051044315785,1051068067439,
0,1051056843457,1051056843457,9223372036854775807,0,1051057321747,1051057347670,1051058286401,1051058370016,1051058604554,1051068155554,1051069092093,1051070798401,1051077440016,
0,1051073455865,1051073455865,9223372036854775807,0,1051073892401,1051073920170,1051074855478,1051074958978,1051075124824,1051077517901,1051077952324,1051079571708,1051086450208,
0,1051090067597,1051090067597,9223372036854775807,0,1051090888285,1051090919824,1051091838708,1051091901401,1051092138285,1051092204631,1051092373939,1051093965747,1051101093131,
0,1051106679266,1051106679266,9223372036854775807,0,1051107152824,1051107178054,1051108070824,1051108141554,1051108336054,1051108421324,1051108645785,1051110254977,1051117841785,
0,1051123291866,1051123291866,9223372036854775807,0,1051123758901,1051123785247,1051124856093,1051124924593,1051125132208,1051125198901,1051125384093,1051127011477,1051145494362,
0,1051139902923,1051139902923,9223372036854775807,0,1051140503131,1051140534785,1051141481824,1051141542016,1051141682785,1051145569285,1051145984247,1051147559516,1051164794939,
0,1051156515205,1051156515205,9223372036854775807,0,1051157055324,1051157091093,1051158338477,1051158396093,1051158583285,1051164869824,1051165382862,1051166995747,1051170633631,
0,1051173127460,1051173127460,9223372036854775807,0,1051173926401,1051173950785,1051174846824,1051174902208,1051175041285,1051175142477,1051175323324,1051177017170,1051180985477,
0,1051189739930,1051189739930,9223372036854775807,0,1051190187477,1051190212362,1051191191208,1051191293747,1051191448285,1051191514631,1051191684747,1051193354131,1051198202516,
0,1051206351382,1051206351382,9223372036854775807,0,1051207195439,1051207227901,1051208312477,1051208373708,1051208516939,1051208584170,1051208753785,1051210252208,1051215124093,
0,1051222962854,1051222962854,9223372036854775807,0,1051223822016,1051223859324,1051224954439,1051225012977,1051225207785,1051225277170,1051225462939,1051226902054,1051233378785,
0,1051239574200,1051239574200,9223372036854775807,0,1051240097785,1051240123554,1051241240554,1051241309708,1051241458131,1051241522900,1051241697362,1051243111400,1051250960516,
0,1051256186655,1051256186655,9223372036854775807,0,1051256621516,1051256647400,1051257606977,1051257678093,1051257875054,1051257993785,1051258179093,1051259585977,1051288960747,
0,1051272797778,1051272797778,9223372036854775807,0,1051273330324,1051273355708,1051274304016,1051274365631,1051274515824,1051289039900,1051289643670,1051291543131,1051295411247,
0,1051289410140,1051289410140,9223372036854775807,0,1051289825708,1051289851785,1051291019939,1051291101208,1051291252900,1051295485708,1051295637554,1051297440016,1051302086362,
0,1051306022230,1051306022230,9223372036854775807,0,1051306689631,1051306729516,1051318065093,1051318193323,1051318460939,1051318596016,1051318861670,1051321860516,1051336721862,
0,1051322633353,1051322633353,9223372036854775807,0,1051323486016,1051323532323,1051325433977,1051325518900,1051325869708,1051336878862,1051337193708,1051339536593,1051350290093,
0,1051355912306,1051355912306,9223372036854775807,0,1051356498747,1051356504016,1051356919708,1051356995900,1051357210900,1051357331670,1051357620785,1051358266554,1051364317708,
0,1051422364700,1051422364700,9223372036854775807,0,1051422781477,1051422810208,1051422937516,1051424565477,1051425938323,1051426044439,1051426852285,1051429175362,1051437960862,
0,1051438978156,1051438978156,9223372036854775807,0,1051439461323,1051439490285,1051439492593,1051442788708,1051443808362,1051443908477,1051444834477,1051447270093,1051461583323,
0,1051455593624,1051455593624,9223372036854775807,0,1051456055246,1051456083593,1051456210554,1051456262131,1051456424362,1051461669939,1051462439208,1051463799746,1051490627093,
0,1051472206382,1051472206382,9223372036854775807,0,1051472773285,1051472798939,1051472800977,1051472849670,1051473254977,1051490705900,1051491324708,1051493558131,1051500890285,
0,1051505434484,1051505434484,9223372036854775807,0,1051505842285,1051505869862,1051505872246,1051505924439,1051506582900,1051506717862,1051508270708,1051509551439,1051511779593,
0,1051522047552,1051522047552,9223372036854775807,0,1051522538631,1051522542093,1051524445746,1051524502170,1051524625708,1051524709862,1051524864977,1051526760631,1051528829862,
0,1051555274084,1051555274084,9223372036854775807,0,1051556112823,1051556116054,1051556434016,1051556496746,1051556647862,1051556953939,1051557181708,1051557660746,1051560313554,
0,1051621721971,1051621721971,9223372036854775807,0,1051622445131,1051622471362,1051622551900,1051622597439,1051622984593,1051623060708,1051623246631,1051624932631,1051629565285,
0,1051638335734,1051638335734,9223372036854775807,0,1051638976323,1051639002362,1051639004977,1051639055862,1051639499439,1051639549900,1051639719477,1051641520862,1051662271708,
0,1051654948228,1051654948228,9223372036854775807,0,1051656186823,1051656230785,1051656421362,1051656495554,1051657070169,1051662396939,1051662678323,1051665441708,1051695705516,
0,1051671561187,1051671561187,9223372036854775807,0,1051672455169,1051672496439,1051672501477,1051672580592,1051673226208,1051695837285,1051696179169,1051698981208,1051703664939,
0,1051688174236,1051688174236,9223372036854775807,0,1051696470708,1051696505823,1051696510516,1051696587439,1051697097131,1051703778939,1051704110400,1051706806631,1051710311708,
0,1051704825855,1051704825855,9223372036854775807,0,1051705378631,1051705417554,1051705421977,1051705496554,1051706015746,1051710426746,1051711174823,1051713926323,1051716413592,
0,1051721439454,1051721439454,9223372036854775807,0,1051721968477,1051722002554,1051722156208,1051722219016,1051722710977,1051722811785,1051723057669,1051725839631,1051733031669,
0,1051738053243,1051738053243,9223372036854775807,0,1051738585862,1051738625285,1051738629823,1051738697554,1051739161054,1051739257400,1051739476823,1051742055785,1051750896208,
0,1051754667160,1051754667160,9223372036854775807,0,1051755167785,1051755204015,1051755350439,1051755411169,1051755915208,1051755985208,1051756627939,1051759610862,1051765437515,
0,1051771281288,1051771281288,9223372036854775807,0,1051771801015,1051771841131,1051771845246,1051771920477,1051773357362,1051773426439,1051773666054,1051776548323,1051782648285,
0,1051787875697,1051787875697,9223372036854775807,0,1051788527515,1051788569592,1051788573323,1051788648862,1051789252939,1051789334015,1051789594477,1051791857246,1051799840323,
0,1051804490266,1051804490266,9223372036854775807,0,1051805064939,1051805102323,1051805105054,1051805175554,1051807151823,1051807216554,1051807422977,1051809525246,1051837831323,
0,1051821106976,1051821106976,9223372036854775807,0,1051821604208,1051821632515,1051821804631,1051821873400,1051822453554,1051837918900,1051839146631,1051841260862,1051847078015,
0,1051837721947,1051837721947,9223372036854775807,0,1051839954477,1051839986669,1051839989939,1051840123785,1051840520862,1051847165439,1051847356169,1051849359439,1051857199438,
0,1051854336297,1051854336297,9223372036854775807,0,1051854860208,1051854891592,1051855026669,1051855082285,1051855603246,1051857288131,1051857921631,1051860071477,1051865835208,
0,1051870950405,1051870950405,9223372036854775807,0,1051871475054,1051871504746,1051871507592,1051871560592,1051872234515,1051872298323,1051873423054,1051875335669,1051883320246,
0,1051887564488,1051887564488,9223372036854775807,0,1051888127823,1051888157400,1051888160400,1051888211362,1051888338515,1051888414823,1051888598631,1051890616208,1051899549669,
0,1051954032176,1051954032176,9223372036854775807,0,1051954919977,1051954924438,1051955314015,1051955374323,1051955515669,1051956143938,1051956364862,1051956856131,1051959697515,
0,1052053723405,1052053723405,9223372036854775807,0,1052054973977,1052054977900,1052055296823,1052055353977,1052055505938,1052055600246,1052055815708,1052056545554,1052060795554,
0,1052136799490,1052136799490,9223372036854775807,0,1052137381554,1052137406669,1052137408977,1052137457784,1052137857400,1052137933361,1052138710515,1052141181131,1052149456400,
0,1052153415470,1052153415470,9223372036854775807,0,1052153791900,1052153816669,1052153934861,1052153985246,1052154104284,1052154182015,1052154357361,1052154844823,1052173703631,
0,1052186645526,1052186645526,9223372036854775807,0,1052187099169,1052187125938,1052187128207,1052188980477,1052189596207,1052189691823,1052191991669,1052194149669,1052196515669,
