0,8240498702213,8240498702213,8240489000000,8240493702213,8240499114258,8240500556412,8240502174643,8240502255720,8240502778489,8240502860643,8240503248720,8240505638181,8240508150181,
0,8240515167851,8240515167851,8240505000000,8240510167851,8240515773489,8240517151950,8240527795335,8240528099335,8240532619643,8240532719874,8240533845720,8240538131027,8240540319104,
0,8240531634383,8240531634383,8240523000000,8240526634383,8240534095950,8240535603258,8240537619566,8240537709027,8240538559874,8240540494950,8240540952181,8240547330104,8240549855874,
0,8240548098597,8240548098597,8240542000000,8240543098597,8240548774489,8240550778874,8240552427412,8240552511720,8240553027797,8240553125489,8240553839720,8240558958720,8240561612720,
0,8240564566076,8240564566076,8240556000000,8240559566076,8240565087950,8240569551489,8240572713950,8240572812181,8240573341258,8240573442950,8240574044489,8240577207874,8240579580258,
0,8240581031397,8240581031397,8240574000000,8240576031397,8240581581335,8240583185104,8240584776874,8240584879258,8240585578566,8240585684566,8240586148720,8240588845335,8240591372027,
0,8240597495142,8240597495142,8240588000000,8240592495142,8240597967489,8240599610489,8240601338797,8240601440104,8240601960950,8240602057104,8240602470874,8240604853104,8240607771566,
0,8240613961619,8240613961619,8240605000000,8240608961619,8240614444489,8240626823412,8240628151412,8240628514566,8240632355335,8240632655335,8240634199335,8240637895258,8240643725412,
0,8240630425805,8240630425805,9223372036854775807,0,8240644290258,8240644331797,8240648563797,8240648657489,8240649610027,8240649869104,8240650406950,8240653765643,8240656244104,
0,8240646883355,8240646883355,9223372036854775807,0,8240650562027,8240650590258,8240653106181,8240653202027,8240653657027,8240656518027,8240657033566,8240661810489,8240665466335,
0,8240663365209,8240663365209,9223372036854775807,0,8240663818258,8240663856258,8240666145181,8240666226027,8240666664643,8240666751489,8240667391412,8240670196258,8240673542720,
0,8240679826091,8240679826091,9223372036854775807,0,8240680389489,8240680431335,8240682654720,8240682731335,8240683217720,8240683301412,8240683724874,8240686371874,8240688664950,
0,8240696289634,8240696289634,9223372036854775807,0,8240696806797,8240696837874,8240698894335,8240698974720,8240699410874,8240699512566,8240699995643,8240702572104,8240704608797,
0,8240712754540,8240712754540,9223372036854775807,0,8240713194412,8240713230489,8240715710797,8240715797258,8240716293027,8240716388412,8240716807027,8240719136104,8240721198412,
0,8240729220918,8240729220918,9223372036854775807,0,8240729632643,8240729669874,8240736515566,8240736621566,8240737121412,8240737196489,8240737734412,8240740292489,8240742470412,
0,8240745686666,8240745686666,9223372036854775807,0,8240746179566,8240746216412,8240757864104,8240758147412,8240762644181,8240762765181,8240764162874,8240770681566,8240773602566,
0,8240762151215,8240762151215,9223372036854775807,0,8240766701335,8240766744412,8240769299104,8240769385797,8240770412566,8240773817335,8240774269104,8240777168489,8240781407489,
0,8240778618435,8240778618435,9223372036854775807,0,8240779109181,8240779252181,8240781466104,8240781550489,8240782033489,8240782126258,8240782703797,8240788388104,8240789649489,
0,8240795083069,8240795083069,8240775000000,8240777000000,8240795491104,8240797225104,8240799276027,8240799561566,8240800483258,8240800662489,8240801105874,8240806483566,8240808502797,
0,8240811549576,8240811549576,8240803000000,8240803000000,8240812165643,8240813782874,8240815898335,8240815988335,8240816498027,8240816591258,8240816981104,8240819756335,8240823696335,
0,8240828014713,8240828014713,8240820000000,8240823014713,8240829298181,8240833951874,8240834101027,8240834184950,8240834883489,8240834974797,8240835532720,8240838055643,8240846016027,
0,8240844478865,8240844478865,9223372036854775807,0,8240845098874,8240845137412,8240845255489,8240845329566,8240845846027,8240846246950,8240847239335,8240850915104,8240855643258,
0,8240860943484,8240860943484,8240842000000,8240842000000,8240861647104,8240862766643,8240862808720,8240862887874,8240863393181,8240863840181,8240864331489,8240868104874,8240871632027,
0,8240877404825,8240877404825,8240868000000,8240868000000,8240878410104,8240879834874,8240879877950,8240879975643,8240880686566,8240880804335,8240881262181,8240884975720,8240888201566,
0,8240893872921,8240893872921,8240886000000,8240888872921,8240894511104,8240897244797,8240897293566,8240897374104,8240897888950,8240897991720,8240898468104,8240902169566,8240905735643,
0,8240910338680,8240910338680,8240902000000,8240905338680,8240911058412,8240933703720,8240933858874,8240936002566,8240940605643,8240941036489,8240941636489,8240944802950,8240947634412,
0,8240926803954,8240926803954,9223372036854775807,0,8240941908027,8240942066720,8240942234874,8240942311720,8240943210643,8240947980027,8240948551566,8240952861258,8240955823258,
0,8240959731959,8240959731959,8240939000000,8240939000000,8240960333181,8240961900950,8240961954258,8240962049027,8240962663181,8240962761335,8240963247566,8240965945104,8240968987258,
0,8240976193912,8240976193912,8240968000000,8240968000000,8240977003874,8240978536643,8240978595950,8240978696797,8240979359489,8240979538104,8240980076874,8240985008566,8240988114950,
0,8240992658654,8240992658654,8240984000000,8240987658654,8240993266950,8240995119412,8240995181104,8240995304181,8240995984258,8240996084720,8240996560566,8241001012335,8241004289720,
0,8241009122491,8241009122491,9223372036854775807,0,8241009857489,8241009908258,8241011387720,8241011497258,8241012328797,8241012429720,8241012921489,8241016252566,8241019158950,
0,8241025589668,8241025589668,9223372036854775807,0,8241026035566,8241026073874,8241027382412,8241027466720,8241028163797,8241028344566,8241028855797,8241032936335,8241035911258,
0,8241042055015,8241042055015,9223372036854775807,0,8241042528874,8241042566643,8241043594950,8241043685027,8241044276489,8241044430181,8241044863181,8241047792335,8241051438950,
0,8241058519827,8241058519827,9223372036854775807,0,8241058966104,8241059004950,8241059882643,8241059968797,8241060697720,8241060830027,8241061510950,8241065713720,8241068709874,
0,8241074983765,8241074983765,9223372036854775807,0,8241075411566,8241075443489,8241079054566,8241079153643,8241079695950,8241079802104,8241080496181,8241083975797,8241086464720,
0,8241091448575,8241091448575,9223372036854775807,0,8241092003181,8241092044181,8241093157874,8241093264874,8241093937720,8241094049720,8241094442027,8241097819720,8241100342720,
0,8241107916699,8241107916699,9223372036854775807,0,8241108325720,8241108358720,8241109124797,8241109200489,8241109635720,8241109756874,8241110255104,8241113428566,8241115628797,
0,8241124380856,8241124380856,9223372036854775807,0,8241124760797,8241124796566,8241125797104,8241125873335,8241126357566,8241126450566,8241126774181,8241128873489,8241131803027,
0,8241140847578,8241140847578,9223372036854775807,0,8241141186643,8241141217412,8241141968874,8241142038950,8241142441489,8241142533181,8241142923797,8241145162335,8241147099566,
0,8241157312502,8241157312502,9223372036854775807,0,8241157707412,8241157737950,8241158576720,8241158663720,8241159156874,8241159239489,8241159549874,8241161535104,8241163569720,
0,8241173762457,8241173762457,9223372036854775807,0,8241174103874,8241174147104,8241174993258,8241175073643,8241175617643,8241175738797,8241176072874,8241178198489,8241180384335,
0,8241190230438,8241190230438,9223372036854775807,0,8241190737566,8241190774797,8241191732874,8241191813566,8241192327566,8241192424335,8241192769720,8241194848643,8241196896874,
0,8241206695381,8241206695381,9223372036854775807,0,8241207198950,8241207227412,8241207930643,8241208000643,8241208368412,8241208460489,8241208810027,8241211010335,8241213210335,
0,8241223161510,8241223161510,9223372036854775807,0,8241223649258,8241223680027,8241224521412,8241224605950,8241225072027,8241225154104,8241225483104,8241227337720,8241229284566,
0,8241239623407,8241239623407,9223372036854775807,0,8241240126412,8241240163643,8241241098797,8241241178643,8241242273566,8241242369950,8241242703181,8241244568566,8241247378720,
0,8241256088705,8241256088705,9223372036854775807,0,8241256508489,8241256544027,8241257332874,8241257406950,8241257829643,8241257931489,8241258360335,8241260936566,8241263353335,
0,8241272556155,8241272556155,9223372036854775807,0,8241273053950,8241273093797,8241274104258,8241274202720,8241274731643,8241274881181,8241275285720,8241277857181,8241280529797,
0,8241289020987,8241289020987,9223372036854775807,0,8241289539643,8241289577950,8241290674950,8241290767412,8241291319874,8241291422258,8241291756104,8241293616489,8241296032489,
0,8241305486332,8241305486332,9223372036854775807,0,8241305897181,8241305931797,8241306724412,8241306796720,8241307200412,8241307309874,8241307712797,8241310532104,8241312514566,
0,8241321952268,8241321952268,9223372036854775807,0,8241322300027,8241322334181,8241323164797,8241323233874,8241323631489,8241323741566,8241324153412,8241326782412,8241328749566,
0,8241338419426,8241338419426,9223372036854775807,0,8241338944181,8241338980797,8241339963950,8241340164181,8241340708643,8241340799027,8241341121258,8241342909489,8241344924950,
0,8241354884923,8241354884923,9223372036854775807,0,8241355317027,8241355352566,8241356291181,8241356371950,8241356900027,8241356990874,8241357312874,8241359050643,8241362115643,
0,8241371350670,8241371350670,9223372036854775807,0,8241371696643,8241371764489,8241372707566,8241372791643,8241373309104,8241373415720,8241373740104,8241375548181,8241377612643,
0,8241387815387,8241387815387,9223372036854775807,0,8241388156489,8241388187489,8241388937874,8241389007181,8241389414720,8241389499797,8241389847874,8241391741950,8241393670104,
0,8241404281475,8241404281475,9223372036854775807,0,8241404647874,8241404683874,8241405618181,8241405699181,8241406199027,8241406321027,8241406643720,8241408563412,8241410578797,
0,8241420744556,8241420744556,9223372036854775807,0,8241421167489,8241421200258,8241422038874,8241422105643,8241422513104,8241422641720,8241423131181,8241425440566,8241428035874,
0,8241437211201,8241437211201,9223372036854775807,0,8241437712797,8241437749797,8241438715258,8241438803950,8241439340874,8241439431643,8241439757720,8241441841566,8241444012489,
0,8241453677982,8241453677982,9223372036854775807,0,8241454144027,8241454178874,8241455136874,8241455223643,8241455787720,8241455889104,8241456284335,8241458895104,8241461099874,
0,8241470144675,8241470144675,9223372036854775807,0,8241470528027,8241470617643,8241471579104,8241471664720,8241472193027,8241472297489,8241472643797,8241474621104,8241476795489,
0,8241486608150,8241486608150,9223372036854775807,0,8241487060104,8241487120950,8241487951874,8241488028489,8241488501258,8241488595950,8241489030027,8241491844412,8241494026104,
0,8241503073738,8241503073738,9223372036854775807,0,8241503448643,8241503483335,8241504514335,8241504605720,8241505109874,8241505209643,8241505556874,8241507549258,8241509732335,
0,8241519538993,8241519538993,9223372036854775807,0,8241519890797,8241519924566,8241520830489,8241520901720,8241521334566,8241521447412,8241521867643,8241524529412,8241526682643,
0,8241536004299,8241536004299,9223372036854775807,0,8241536370720,8241536406104,8241537300643,8241537372258,8241537819104,8241537907181,8241538270335,8241540465027,8241542489027,
0,8241552469824,8241552469824,9223372036854775807,0,8241552831104,8241552864797,8241553722258,8241553801027,8241554295950,8241554385643,8241554741258,8241556777720,8241559116797,
0,8241568934151,8241568934151,9223372036854775807,0,8241569360489,8241569393104,8241570234720,8241570308489,8241570743874,8241570818258,8241571166104,8241573172104,8241575318027,
0,8241585400100,8241585400100,9223372036854775807,0,8241585831720,8241585865950,8241586718874,8241586791950,8241587279258,8241587395950,8241587819566,8241590582566,8241592751950,
0,8241601867057,8241601867057,9223372036854775807,0,8241602339181,8241602374412,8241603182027,8241603253874,8241603686258,8241603773412,8241604128335,8241606116104,8241608282950,
0,8241618330694,8241618330694,9223372036854775807,0,8241618719258,8241618753797,8241619642412,8241619714643,8241620233720,8241620321181,8241620677950,8241622766489,8241625029258,
0,8241634797846,8241634797846,9223372036854775807,0,8241635226643,8241635262720,8241636087720,8241636169720,8241636642874,8241636733489,8241637149720,8241639895874,8241642144950,
0,8241651262817,8241651262817,9223372036854775807,0,8241651675489,8241651711566,8241652552950,8241652626104,8241653089489,8241653178335,8241653598950,8241656236566,8241658431874,
0,8241667728421,8241667728421,9223372036854775807,0,8241668178489,8241668214181,8241669026797,8241669100104,8241669529412,8241669639566,8241669988104,8241672055874,8241674212027,
0,8241684193899,8241684193899,9223372036854775807,0,8241684623489,8241684658874,8241685457797,8241685530181,8241685982874,8241686072258,8241686425797,8241688490950,8241690654950,
0,8241700658168,8241700658168,9223372036854775807,0,8241701136104,8241701168643,8241702000104,8241702074104,8241702515181,8241702603950,8241702949950,8241704952258,8241706996335,
0,8241717123797,8241717123797,9223372036854775807,0,8241718806643,8241718845797,8241723162181,8241723260874,8241723827412,8241723991104,8241724452181,8241726768335,8241734798181,
0,8241733588419,8241733588419,9223372036854775807,0,8241741323874,8241741350412,8241741441720,8241741497643,8241742039874,8241742123874,8241743140797,8241745313643,8241748092335,
0,8241750052613,8241750052613,9223372036854775807,0,8241750717258,8241750753874,8241750756027,8241750813874,8241751283489,8241751420335,8241751735489,8241754452951,8241758805874,
0,8241766517527,8241766517527,9223372036854775807,0,8241767138566,8241767170489,8241767172797,8241767231412,8241767682104,8241768526181,8241768886027,8241771567566,8241774251720,
0,8241782980381,8241782980381,9223372036854775807,0,8241784076335,8241784110335,8241784112412,8241784175335,8241784748643,8241784879258,8241785271643,8241788697566,8241791199412,
0,8241799444880,8241799444880,9223372036854775807,0,8241799932104,8241799965951,8241799968027,8241800093489,8241800664566,8241800766027,8241801130797,8241804708258,8241807322181,
0,8241815912072,8241815912072,9223372036854775807,0,8241816447720,8241816482874,8241816568643,8241816631489,8241817984874,8241818413412,8241819690566,8241822978643,8241830486951,
0,8241832376333,8241832376333,9223372036854775807,0,8241832998720,8241833030335,8241833032489,8241833097027,8241834718412,8241834827720,8241836037335,8241837702874,8241841019566,
0,8241848838586,8241848838586,9223372036854775807,0,8241849347335,8241849380489,8241849382951,8241854183258,8241856637412,8241856752027,8241858536027,8241861862335,8241864401104,
0,8241865304466,8241865304466,9223372036854775807,0,8241866024027,8241866056874,8241866059027,8241866122951,8241867446027,8241867552643,8241868783335,8241870714104,8241872774258,
0,8241881770048,8241881770048,9223372036854775807,0,8241882141720,8241882175104,8241882177335,8241882251027,8241882836412,8241882931566,8241883305489,8241886485566,8241888945951,
0,8241898234400,8241898234400,9223372036854775807,0,8241899097720,8241899131797,8241899134643,8241899195181,8241899738412,8241899838720,8241900282566,8241903462489,8241905743951,
0,8241914697827,8241914697827,9223372036854775807,0,8241915239027,8241915273874,8241915357412,8241915426489,8241916206566,8241916290566,8241917592643,8241919667412,8241922387027,
0,8241931163860,8241931163860,9223372036854775807,0,8241931736027,8241931805181,8241931807797,8241931875720,8241932521797,8241932762258,8241933128258,8241936564104,8241938994566,
0,8241947629214,8241947629214,9223372036854775807,0,8241948186951,8241948221335,8241948223489,8241948287181,8241949108335,8241949201874,8241950745027,8241952992951,8241955393951,
0,8241964094311,8241964094311,9223372036854775807,0,8241964573335,8241964608951,8241964611258,8241964680258,8241965891027,8241966014027,8241967167874,8241968811874,8241971897412,
0,8241980558209,8241980558209,9223372036854775807,0,8241981296104,8241981330566,8241981332874,8241981396335,8241981899258,8241981995643,8241982360027,8241985541258,8241987962720,
0,8241997022513,8241997022513,9223372036854775807,0,8241997495874,8241997530412,8241997533104,8241997599643,8241998146181,8241998245027,8241998642951,8242002100566,8242004776412,
0,8242013489141,8242013489141,9223372036854775807,0,8242013876951,8242013909412,8242013989951,8242014056874,8242015335335,8242015461181,8242016636489,8242019868104,8242022887181,
0,8242029952253,8242029952253,9223372036854775807,0,8242030613797,8242030648335,8242030650720,8242030715797,8242033939335,8242034056643,8242034454027,8242037936566,8242042187335,
0,8242046420555,8242046420555,9223372036854775807,0,8242046860258,8242046898720,8242046901027,8242047020951,8242049057797,8242049181489,8242050560566,8242053079104,8242059170258,
0,8242062886930,8242062886930,9223372036854775807,0,8242063494027,8242063534258,8242063536489,8242063634489,8242064420951,8242064765412,8242065163104,8242067626258,8242070161489,
0,8242079352398,8242079352398,9223372036854775807,0,8242079869643,8242079905027,8242079907643,8242079978951,8242080867951,8242080985027,8242081397951,8242083831412,8242086850412,
0,8242095818430,8242095818430,9223372036854775807,0,8242096383720,8242096421412,8242096423797,8242096492104,8242097621335,8242098230720,8242099563874,8242102176104,8242110513797,
0,8242112283329,8242112283329,9223372036854775807,0,8242112845566,8242112892258,8242112972335,8242113038335,8242114177720,8242114309643,8242117204027,8242120595335,8242123593720,
0,8242128753494,8242128753494,9223372036854775807,0,8242129354104,8242129419412,8242129423335,8242129516027,8242130818335,8242130961489,8242131454489,8242134756643,8242138240412,
0,8242145217107,8242145217107,9223372036854775807,0,8242145705181,8242145741412,8242145744720,8242145811258,8242146695181,8242146841335,8242147291643,8242150715720,8242153483566,
0,8242161689355,8242161689355,9223372036854775807,0,8242162062181,8242162094874,8242162096951,8242162157797,8242162998720,8242163139181,8242163628104,8242167015720,8242169913027,
0,8242178151747,8242178151747,9223372036854775807,0,8242179117104,8242179151104,8242179153258,8242179213720,8242180353335,8242180471104,8242183368027,8242185616797,8242192865951,
0,8242194610582,8242194610582,9223372036854775807,0,8242195625258,8242195668027,8242195671258,8242195734566,8242196721181,8242196924643,8242197468027,8242201013874,8242205071412,
0,8242211075378,8242211075378,9223372036854775807,0,8242211648951,8242211695335,8242211774874,8242211838643,8242212541104,8242212699027,8242213162720,8242216538104,8242219716643,
0,8242227540448,8242227540448,9223372036854775807,0,8242228112489,8242228148335,8242228151258,8242228217720,8242229092258,8242229256104,8242229739874,8242233277027,8242236751335,
0,8242244005522,8242244005522,9223372036854775807,0,8242244576489,8242244611566,8242244613643,8242244706951,8242245838412,8242245967874,8242249004489,8242252352181,8242255536027,
0,8242260467698,8242260467698,9223372036854775807,0,8242261075720,8242261125951,8242261129566,8242261224181,8242262418489,8242262573412,8242263045566,8242266314489,8242269065566,
0,8242276934637,8242276934637,9223372036854775807,0,8242277380027,8242277424951,8242277428489,8242277540720,8242278639335,8242278762027,8242279168720,8242281454720,8242284429797,
0,8242293400744,8242293400744,9223372036854775807,0,8242293900258,8242293948720,8242293952489,8242294035566,8242295092643,8242295210951,8242297128258,8242299304412,8242301500489,
0,8242309867285,8242309867285,9223372036854775807,0,8242310375412,8242310429181,8242310532027,8242310602951,8242311196258,8242311306874,8242311705951,8242313731874,8242316203797,
0,8242326332469,8242326332469,9223372036854775807,0,8242326749643,8242326785874,8242326788181,8242326851566,8242327357104,8242327458335,8242327789566,8242331242874,8242333244797,
0,8242342798359,8242342798359,9223372036854775807,0,8242343285643,8242343325489,8242343328489,8242343400412,8242343976720,8242344090258,8242344488104,8242348282951,8242350307258,
0,8242359265965,8242359265965,9223372036854775807,0,8242359645951,8242359686720,8242359689258,8242359754797,8242360347027,8242360440797,8242360771335,8242363704181,8242365850874,
0,8242375731403,8242375731403,9223372036854775807,0,8242376107027,8242376150797,8242376153797,8242376224643,8242376819258,8242376916258,8242377233951,8242380610181,8242382599874,
0,8242392197203,8242392197203,9223372036854775807,0,8242392583335,8242392625027,8242392628412,8242392705181,8242393257104,8242393355258,8242393801489,8242397205335,8242399212181,
0,8242408664183,8242408664183,9223372036854775807,0,8242409061951,8242409098797,8242409182951,8242409243412,8242409684489,8242409768412,8242410126643,8242413006412,8242415028027,
0,8242425098390,8242425098390,9223372036854775807,0,8242429753258,8242429802951,8242429805489,8242429903335,8242430562951,8242430673489,8242431099643,8242434594874,8242437817566,
0,8242441564711,8242441564711,9223372036854775807,0,8242444844720,8242444882027,8242444884643,8242444966797,8242445522258,8242445753643,8242446172412,8242449734489,8242452422027,
0,8242458031230,8242458031230,9223372036854775807,0,8242458456566,8242458493720,8242458496027,8242458568720,8242459155412,8242459369797,8242459804027,8242463301258,8242467827951,
0,8242474496981,8242474496981,9223372036854775807,0,8242475065566,8242475103951,8242475106181,8242475180566,8242475766720,8242475875720,8242476297027,8242479898643,8242483548489,
