0,8253906989413,8253906989413,8253899000000,8253901989413,8253908474349,8253910140182,8253910153672,8253910266797,8253910471172,8253910664974,8253910899036,8253916665963,8253918099609,4461000,1011000,
0,8253923695252,8253923695252,9223372036854775807,0,8253924647370,8253924662422,8253929916797,8253930056328,8253930256536,8253930737995,8253931061276,8253932342682,8253932828932,223000,188000,
0,8253940405945,8253940405945,9223372036854775807,0,8253940946328,8253940964713,8253941810703,8253941898099,8253942086640,8253942438672,8253942580078,8253943632943,8253944397682,165000,488000,
0,8253957115609,8253957115609,9223372036854775807,0,8253957756797,8253957758880,8253958530286,8253958613776,8253958730651,8253958880703,8253959009505,8253960044870,8253961526797,142000,1193000,
0,8253973825117,8253973825117,9223372036854775807,0,8253974360390,8253974379713,8253975328776,8253975410286,8253975551745,8253975716693,8253975861745,8253976945911,8253977825599,128000,569000,
0,8253990534226,8253990534226,9223372036854775807,0,8253991571640,8253991598047,8253992892943,8253993019818,8253993239036,8253993447057,8253993630234,8253995206849,8253995828463,201000,166000,
0,8254007243011,8254007243011,9223372036854775807,0,8254007947317,8254007967474,8254008861276,8254008954922,8254009100599,8254009159870,8254009329922,8254010690495,8254011373880,245000,284000,
0,8254023952153,8254023952153,9223372036854775807,0,8254024593776,8254024614245,8254025810442,8254033839088,8254034604870,8254034869609,8254035160599,8254037233515,8254037934713,239000,237000,
1,8254040662907,8254040662907,9223372036854775807,0,8254041279245,8254041305078,8254042858932,8254047963567,8254048274140,8254048337786,8254048538567,8254050070286,8254050653099,168000,195000,
0,8254057374161,8254057374161,9223372036854775807,0,8254057700911,8254057786276,8254058695599,8254058801328,8254059002995,8254059076328,8254059280026,8254060881120,8254061288359,181000,134000,
0,8254074082907,8254074082907,8254053000000,8254055000000,8254075776224,8254087547265,8254088581484,8254089569401,8254091737161,8254091811745,8254092042995,8254093660963,8254094267317,265000,211000,
0,8254090792014,8254090792014,9223372036854775807,0,8254092417578,8254092436745,8254093363047,8254093443203,8254094159922,8254094330599,8254094538307,8254096347838,8254097148307,633000,510000,
0,8254107500591,8254107500591,8254093000000,8254093000000,8254109018932,8254112391484,8254112983984,8254113064401,8254113221640,8254113387630,8254113652213,8254115132057,8254115597995,303000,162000,
0,8254124209189,8254124209189,8254117000000,8254117000000,8254125878724,8254127920026,8254128652630,8254128754661,8254128976380,8254129040026,8254129255651,8254130980286,8254131668151,314000,312000,
0,8254140919903,8254140919903,8254133000000,8254135919903,8254142413203,8254144447734,8254145019245,8254145113307,8254145341067,8254145526953,8254145736015,8254147315755,8254147853307,299000,174000,
0,8254157628515,8254157628515,8254150000000,8254152628515,8254159293411,8254161288515,8254161931120,8254162021588,8254162232422,8254162417109,8254162639974,8254164375807,8254164954765,320000,205000,
0,8254174337234,8254174337234,8254166000000,8254169337234,8254175320755,8254177261067,8254177950755,8254178082838,8254178305130,8254178496640,8254178723932,8254180694245,8254181497213,318000,431000,
0,8254191045934,8254191045934,8254182000000,8254186045934,8254192701067,8254204387005,8254205229297,8254205480547,8254207742317,8254207962995,8254208218359,8254210242422,8254211841692,317000,1079000,
0,8254207754681,8254207754681,9223372036854775807,0,8254209486901,8254209512942,8254210997578,8254211115495,8254211679349,8254211935286,8254212212474,8254214191380,8254214769140,241000,213000,
0,8254224461687,8254224461687,8254209000000,8254209000000,8254226560286,8254228665026,8254229410182,8254229505911,8254229718880,8254229780859,8254230071588,8254231884557,8254232428255,201000,181000,
0,8254241172575,8254241172575,8254234000000,8254234000000,8254241799505,8254244148984,8254245202786,8254245316015,8254245581015,8254245778932,8254246042057,8254248214140,8254248821172,250000,202000,
0,8254257881133,8254257881133,8254249000000,8254252881133,8254258704765,8254261167630,8254262213307,8254262320651,8254262544922,8254262744401,8254263006015,8254265264817,8254265937994,376000,206000,
0,8254274587540,8254274587540,9223372036854775807,0,8254275778255,8254275820130,8254280073515,8254280183828,8254280520442,8254280728151,8254280997213,8254283113203,8254283728724,280000,209000,
0,8254291295730,8254291295730,9223372036854775807,0,8254292200911,8254292203828,8254294453515,8254294570338,8254294770755,8254294966536,8254295223932,8254297045703,8254297580390,227000,193000,
0,8254308003958,8254308003958,9223372036854775807,0,8254309811380,8254309837109,8254312915599,8254313006432,8254313163411,8254313397786,8254313677109,8254315404869,8254315915442,432000,159000,
0,8254324712137,8254324712137,9223372036854775807,0,8254326542005,8254326581953,8254329295599,8254329413515,8254329639401,8254329909297,8254330200494,8254332090026,8254332970651,219000,446000,
0,8254341422805,8254341422805,9223372036854775807,0,8254343108567,8254343164661,8254345712161,8254345834609,8254346087786,8254346351744,8254346595911,8254348578776,8254349214557,241000,219000,
0,8254358130986,8254358130986,9223372036854775807,0,8254359620390,8254359671224,8254362336640,8254362454765,8254362688307,8254362954974,8254363196588,8254365255442,8254365892005,406000,215000,
0,8254374838896,8254374838896,9223372036854775807,0,8254376479297,8254376517422,8254379244661,8254379358307,8254379654974,8254379911640,8254380216015,8254381966692,8254382847682,352000,525000,
0,8254391546798,8254391546798,9223372036854775807,0,8254393230599,8254393266015,8254395270182,8254395386901,8254395608307,8254395848463,8254396050547,8254397684192,8254398202682,201000,162000,
0,8254408257657,8254408257657,9223372036854775807,0,8254410309765,8254410406276,8254412594140,8254412719505,8254412963359,8254413035547,8254413288203,8254415318515,8254415957109,223000,211000,
0,8254424965552,8254424965552,8254409000000,8254411000000,8254425992682,8254427924244,8254429178203,8254430148619,8254430369505,8254430600651,8254430796432,8254432625234,8254433136119,379000,173000,
0,8254441673698,8254441673698,8254433000000,8254433000000,8254442642838,8254453530859,8254455608724,8254455811849,8254457914140,8254457967317,8254458229036,8254459527005,8254462145859,229000,328000,
0,8254458382254,8254458382254,9223372036854775807,0,8254462568671,8254462668203,8254462755755,8254462801796,8254463347682,8254463409817,8254463538411,8254464695182,8254465056953,300000,137000,
0,8254475093492,8254475093492,8254459000000,8254459000000,8254475400390,8254476374453,8254476459505,8254476520130,8254476656224,8254476829765,8254476957109,8254478068255,8254480517786,158000,2182000,
0,8254491804871,8254491804871,8254482000000,8254482000000,8254493086015,8254494179817,8254494190703,8254494248984,8254494386744,8254494535390,8254494683411,8254495726119,8254496278463,117000,327000,
0,8254508513969,8254508513969,8254499000000,8254503513969,8254509858984,8254511290859,8254511319401,8254511399765,8254511571796,8254511750755,8254511928411,8254513275807,8254513722994,188000,174000,
0,8254525222684,8254525222684,8254516000000,8254520222684,8254526040494,8254527365494,8254527380130,8254527444817,8254527595078,8254527640182,8254527785286,8254528957838,8254529350703,159000,146000,
0,8254541931495,8254541931495,8254533000000,8254536931495,8254542738463,8254543888828,8254543903307,8254543973880,8254544132994,8254544184817,8254544332630,8254545808880,8254546311432,277000,267000,
0,8254558640066,8254558640066,8254549000000,8254553640066,8254559259505,8254560659609,8254560672526,8254560733463,8254560876588,8254561053671,8254561193619,8254562536640,8254563519401,421000,761000,
0,8254575347390,8254575347390,8254567000000,8254570347390,8254576476328,8254577889974,8254577910546,8254577990494,8254578219661,8254578396692,8254578602213,8254580315234,8254582360963,475000,546000,
0,8254592056613,8254592056613,8254584000000,8254587056613,8254592763567,8254593784557,8254593797994,8254593859974,8254593986901,8254594032526,8254594197317,8254595257682,8254595879401,153000,397000,
0,8254608766004,8254608766004,9223372036854775807,0,8254609233724,8254609252005,8254610553828,8254610633567,8254610794869,8254610972213,8254611116901,8254612396953,8254612769609,296000,128000,
0,8254625474711,8254625474711,9223372036854775807,0,8254626044244,8254626046796,8254626825651,8254626884921,8254627017890,8254627055859,8254627190390,8254628247630,8254628905703,134000,446000,
0,8254642183443,8254642183443,9223372036854775807,0,8254643783619,8254643813255,8254644708099,8254644772109,8254644904140,8254645072057,8254645199869,8254646367838,8254646829036,224000,246000,
0,8254658892562,8254658892562,9223372036854775807,0,8254660221432,8254660241276,8254661339192,8254661415286,8254661587682,8254661760755,8254661932005,8254663532786,8254663952838,293000,145000,
0,8254675601335,8254675601335,9223372036854775807,0,8254677057994,8254677090807,8254678206015,8254678285755,8254678450234,8254678624661,8254678796484,8254680334505,8254680763619,172000,149000,
0,8254692310130,8254692310130,9223372036854775807,0,8254693185859,8254693208567,8254694385182,8254694461692,8254694633463,8254694806380,8254694977526,8254696679192,8254697101744,286000,149000,
0,8254709018976,8254709018976,9223372036854775807,0,8254710561276,8254710601640,8254726362317,8254726757786,8254730996328,8254731195338,8254731494348,8254733670859,8254734536588,304000,359000,
0,8254725726952,8254725726952,9223372036854775807,0,8254733147369,8254733176588,8254734435182,8254734540130,8254735785651,8254735991484,8254736258776,8254738337838,8254738854036,379000,189000,
0,8254742434948,8254742434948,9223372036854775807,0,8254743107473,8254743109765,8254744419088,8254744520494,8254744669296,8254744850963,8254745036067,8254746544348,8254747154505,158000,324000,
0,8254759143689,8254759143689,9223372036854775807,0,8254760864973,8254760901223,8254762724244,8254762841848,8254763088984,8254763298307,8254763590026,8254766049140,8254766689869,376000,218000,
0,8254775852325,8254775852325,9223372036854775807,0,8254777496484,8254777534296,8254779314036,8254779449348,8254779710755,8254779917109,8254780249088,8254782675651,8254783317213,379000,219000,
0,8254792560941,8254792560941,9223372036854775807,0,8254794095130,8254794144557,8254795929973,8254796059348,8254796334609,8254796545390,8254796832161,8254799117005,8254800179348,379000,276000,
0,8254809268124,8254809268124,9223372036854775807,0,8254811038671,8254811071692,8254814363619,8254814456380,8254814630546,8254814821276,8254815140026,8254816932369,8254817733828,316000,436000,
0,8254825976406,8254825976406,9223372036854775807,0,8254827629557,8254827662786,8254828785755,8254828886588,8254829191328,8254829399921,8254829635130,8254831054817,8254831537057,122000,154000,
0,8254842685071,8254842685071,9223372036854775807,0,8254844288203,8254844292265,8254845709401,8254845879713,8254846123359,8254846322213,8254846531484,8254848263619,8254849045442,294000,423000,
0,8254859393763,8254859393763,9223372036854775807,0,8254861021484,8254861058880,8254862504453,8254862616067,8254862845963,8254862994244,8254863203776,8254864915286,8254865586588,290000,304000,
0,8254876102332,8254876102332,9223372036854775807,0,8254877483723,8254877517057,8254878877890,8254878981692,8254879233775,8254879290390,8254879524817,8254881230546,8254882014869,319000,428000,
0,8254892809518,8254892809518,9223372036854775807,0,8254894413463,8254894448515,8254895836953,8254895946900,8254896168828,8254896358203,8254896619661,8254898232578,8254899007473,172000,419000,
0,8254909517074,8254909517074,9223372036854775807,0,8254910429400,8254910466484,8254912271744,8254912383150,8254912658984,8254912870546,8254913139400,8254915198307,8254915849817,348000,232000,
0,8254926225235,8254926225235,9223372036854775807,0,8254926948098,8254926977682,8254928364088,8254928451953,8254928701380,8254928937890,8254929151796,8254931023515,8254931675130,394000,244000,
0,8254942930284,8254942930284,9223372036854775807,0,8254945033671,8254945069505,8254946860286,8254946969348,8254947616953,8254947879609,8254948123880,8254950087213,8254951035598,210000,476000,
0,8254959638600,8254959638600,9223372036854775807,0,8254961439869,8254961476015,8254963253880,8254963386171,8254963642473,8254963928463,8254964184557,8254966145025,8254966770338,238000,205000,
0,8254976346986,8254976346986,9223372036854775807,0,8254978157838,8254978201275,8254979920130,8254980098723,8254980335338,8254980609765,8254980873984,8254982856900,8254983868723,219000,575000,
0,8254993055304,8254993055304,9223372036854775807,0,8254995147109,8254995187838,8254996927942,8254997049244,8254997291953,8254997547109,8254997790078,8254999716432,8255000434244,212000,241000,
0,8255009762533,8255009762533,9223372036854775807,0,8255011642890,8255011676067,8255013079765,8255013183098,8255013463307,8255013689817,8255013903463,8255015652265,8255016171275,367000,162000,
0,8255026470835,8255026470835,9223372036854775807,0,8255028313411,8255028368775,8255030349505,8255030462942,8255030760546,8255031032630,8255031304036,8255033251171,8255034136536,219000,445000,
0,8255043181593,8255043181593,9223372036854775807,0,8255044123411,8255044159973,8255045943255,8255046063515,8255046341848,8255046619296,8255046903515,8255049069400,8255049708880,426000,225000,
0,8255059890151,8255059890151,9223372036854775807,0,8255061757317,8255061808984,8255063593828,8255063707005,8255063943046,8255064215755,8255064468411,8255066488828,8255067365859,213000,453000,
0,8255076598565,8255076598565,9223372036854775807,0,8255078122734,8255078168359,8255079858150,8255079975494,8255080321900,8255080609817,8255080862109,8255082816067,8255083462786,244000,220000,
0,8255093306768,8255093306768,9223372036854775807,0,8255095149869,8255095210234,8255097264296,8255097380755,8255097623984,8255097876275,8255098126744,8255100357734,8255101136432,211000,403000,
0,8255110015164,8255110015164,9223372036854775807,0,8255110899765,8255110945390,8255112349296,8255112460859,8255112691588,8255112923098,8255113160755,8255114959609,8255115487369,218000,168000,
0,8255126723146,8255126723146,9223372036854775807,0,8255128605963,8255128643567,8255130587005,8255130705755,8255131004244,8255131275077,8255131539452,8255133654036,8255134561380,216000,460000,
0,8255143431209,8255143431209,9223372036854775807,0,8255145291588,8255145344088,8255147080182,8255147226744,8255147470911,8255147734973,8255147983359,8255150261952,8255150908515,217000,220000,
0,8255160140501,8255160140501,9223372036854775807,0,8255161910755,8255161950130,8255163709921,8255163823932,8255164045182,8255164120911,8255164369140,8255166783827,8255167426380,418000,222000,
0,8255176848240,8255176848240,9223372036854775807,0,8255178547577,8255178592577,8255180403723,8255180552057,8255180789088,8255181048723,8255181302005,8255183774348,8255184658359,406000,453000,
0,8255193556452,8255193556452,9223372036854775807,0,8255195097057,8255195136327,8255196855494,8255196972109,8255197263307,8255197513046,8255197769036,8255200233827,8255200815702,440000,165000,
0,8255210265207,8255210265207,9223372036854775807,0,8255211733515,8255211783202,8255213193775,8255213295494,8255213542317,8255213733932,8255213993775,8255215774713,8255216476171,161000,327000,
0,8255226973252,8255226973252,9223372036854775807,0,8255228894244,8255228932265,8255230871327,8255230990911,8255231291640,8255231549296,8255231804973,8255233972994,8255234851744,191000,446000,
0,8255243681156,8255243681156,9223372036854775807,0,8255245321484,8255245360025,8255247090546,8255247224140,8255247505702,8255247763984,8255248019296,8255250489296,8255251134036,426000,217000,
0,8255260385702,8255260385702,9223372036854775807,0,8255262252421,8255262295494,8255264033098,8255264167734,8255264394348,8255264682317,8255264946275,8255267187369,8255267841327,247000,220000,
0,8255277094160,8255277094160,9223372036854775807,0,8255278750911,8255278794817,8255295395182,8255295617369,8255297153098,8255297203359,8255297413307,8255298998359,8255300286900,258000,838000,
0,8255293801796,8255293801796,9223372036854775807,0,8255297815650,8255297835702,8255298513307,8255298591067,8255299136588,8255300454557,8255300950755,8255302641171,8255302923411,265000,105000,
0,8255310509921,8255310509921,9223372036854775807,0,8255312671119,8255312674348,8255313781067,8255313878046,8255314069296,8255314142473,8255314365859,8255315916588,8255316375702,326000,124000,
0,8255327215010,8255327215010,9223372036854775807,0,8255329219869,8255329267577,8255330814036,8255330907682,8255331167994,8255331404609,8255331647577,8255333395650,8255333901744,195000,173000,
0,8255343923136,8255343923136,9223372036854775807,0,8255345775598,8255345825598,8255347310234,8255347422109,8255347677421,8255347908723,8255348153671,8255350160807,8255350691640,348000,170000,
0,8255360634599,8255360634599,9223372036854775807,0,8255362317577,8255362368984,8255363784713,8255363884557,8255364132994,8255364370182,8255364622577,8255366591900,8255367478619,349000,524000,
0,8255377342898,8255377342898,9223372036854775807,0,8255379168150,8255379200286,8255380784557,8255380909452,8255381193723,8255381448098,8255381747525,8255384096379,8255384989348,244000,454000,
0,8255394051235,8255394051235,9223372036854775807,0,8255396483827,8255396521223,8255398268515,8255398392838,8255398735859,8255399013254,8255399316588,8255401869713,8255402698619,512000,403000,
0,8255410762545,8255410762545,9223372036854775807,0,8255412423463,8255412428046,8255414261692,8255414408984,8255414640182,8255414926692,8255415233463,8255417713046,8255418368515,426000,218000,
0,8255427470870,8255427470870,9223372036854775807,0,8255429304921,8255429348202,8255430999244,8255431123671,8255431400911,8255431648984,8255431915234,8255433751848,8255434310702,187000,169000,
0,8255444179280,8255444179280,9223372036854775807,0,8255445316171,8255445351171,8255447162577,8255447283098,8255447561744,8255447869973,8255448149713,8255450663932,8255451323827,402000,228000,
0,8255460890630,8255460890630,9223372036854775807,0,8255462570754,8255462625390,8255464326379,8255464457213,8255464730494,8255464986692,8255465293879,8255467599140,8255468448098,182000,408000,
0,8255477599035,8255477599035,9223372036854775807,0,8255479536327,8255479577890,8255481383046,8255481499192,8255481727265,8255481814140,8255482109452,8255484626327,8255485455650,407000,391000,
0,8255494307688,8255494307688,9223372036854775807,0,8255496157682,8255496208879,8255498068879,8255498185390,8255498513098,8255498763671,8255499055390,8255501209921,8255502106692,238000,528000,
0,8255511013552,8255511013552,9223372036854775807,0,8255513378984,8255513424140,8255515615390,8255515738463,8255516032109,8255516438984,8255516743827,8255519710546,8255523805129,767000,3329000,
0,8255527718195,8255527718195,9223372036854775807,0,8255529645806,8255529736379,8255554021848,8255554256484,8255554815911,8255555086692,8255555733254,8255560706327,8255561722734,490000,506000,
0,8255544422523,8255561089189,9223372036854775807,0,8255563237161,8255563268931,8255563511536,8255563589244,8255563797213,8255564037734,8255564299713,8255566042942,8255566814713,280000,346000,
0,8255577845131,8255577845131,9223372036854775807,0,8255578579088,8255578603411,8255578605181,8255578654921,8255578913254,8255579107265,8255579969765,8255581413046,8255581950390,747000,238000,
0,8255594556330,8255594556330,9223372036854775807,0,8255595170546,8255595215806,8255595446640,8255595537525,8255595988879,8255596115181,8255596777577,8255598792056,8255599896692,306000,796000,
0,8255611263701,8255611263701,9223372036854775807,0,8255612169609,8255612194504,8255612195963,8255612248463,8255612577109,8255612746327,8255613394504,8255615340390,8255616527994,453000,891000,
0,8255627966906,8255627966906,9223372036854775807,0,8255629244921,8255629262317,8255629263463,8255631197056,8255632073984,8255632260181,8255632895650,8255634707109,8255635588567,529000,640000,
0,8255644673438,8255644673438,9223372036854775807,0,8255645826484,8255645844765,8255645974088,8255646006327,8255646353931,8255646504036,8255647007004,8255648437056,8255649209713,453000,546000,
0,8255661379246,8255661379246,9223372036854775807,0,8255662546275,8255662569400,8255662570702,8255662631692,8255662963567,8255663164609,8255663873515,8255667538515,8255668223150,2196000,413000,
0,8255678085349,8255678085349,9223372036854775807,0,8255679130598,8255679154452,8255679155702,8255679201692,8255679510911,8255679703775,8255681997629,8255685770650,8255686373567,1466000,320000,
0,8255694793835,8255694793835,9223372036854775807,0,8255695552890,8255695601952,8255695927838,8255695998567,8255696870911,8255697030598,8255698719244,8255701443775,8255702231744,410000,514000,
0,8255711505305,8255711505305,9223372036854775807,0,8255711950129,8255711966900,8255711967994,8255712005181,8255712284713,8255712419973,8255712988619,8255714769036,8255715460286,458000,339000,
0,8255728214614,8255728214614,9223372036854775807,0,8255728678150,8255728696484,8255728697629,8255728736952,8255729016171,8255729068306,8255732074452,8255733597890,8255734014348,202000,181000,
0,8255744923839,8255744923839,9223372036854775807,0,8255745495702,8255745513827,8255745629140,8255747412161,8255748649244,8255749060806,8255749964869,8255752268619,8255753003411,302000,318000,
0,8255761632519,8255761632519,9223372036854775807,0,8255762423723,8255762441483,8255762494869,8255762529348,8255763039556,8255763170858,8255763496067,8255765352004,8255766047213,814000,204000,
0,8255778341797,8255778341797,9223372036854775807,0,8255778783150,8255778800754,8255778801900,8255778839973,8255779053202,8255779107786,8255779674765,8255780712161,8255782041171,571000,882000,
0,8255795051165,8255795051165,9223372036854775807,0,8255795819869,8255795842942,8255795968567,8255796002994,8255796235025,8255796424817,8255797229765,8255798465390,8255799274556,540000,280000,
0,8255811762441,8255811762441,9223372036854775807,0,8255812227473,8255812248358,8255812249661,8255814945806,8255816793827,8255816920181,8255818976900,8255820790442,8255821355233,280000,312000,
0,8255828470676,8255828470676,9223372036854775807,0,8255829096431,8255829098723,8255829251327,8255829286067,8255829416119,8255829527629,8255830238567,8255833366275,8255834655077,527000,1034000,
0,8255845177654,8255845177654,9223372036854775807,0,8255846053306,8255846071952,8255846282108,8255846315702,8255846399921,8255846577629,8255846738931,8255848193202,8255849586952,929000,1145000,
0,8255895307554,8255895307554,9223372036854775807,0,8255895720390,8255895722733,8255895930233,8255895966015,8255896046223,8255896087108,8255896234244,8255897644296,8255898096796,152000,163000,
0,8255945439311,8255945439311,9223372036854775807,0,8255945898098,8255945900546,8255946093515,8255946130806,8255946230442,8255946269765,8255946446536,8255947672056,8255948323827,665000,292000,
0,8255995565997,8255995565997,9223372036854775807,0,8255996293306,8255996295754,8255996501848,8255996539140,8255996647369,8255996795963,8255996976483,8255998628358,8255999166327,337000,237000,
0,8256045691888,8256045691888,9223372036854775807,0,8256046242942,8256046246171,8256046540650,8256046592577,8256046743098,8256046804556,8256047024765,8256047950963,8256048744035,194000,305000,
