0,8306235505815,8306235505815,9223372036854775807,0,8306235925262,8306236024877,8306236027262,8306236106647,8306237322416,8306237467570,8306237856954,8306241126877,8306243581416,
0,8306251971384,8306251971384,9223372036854775807,0,8306252425031,8306252464647,8306252467493,8306252546185,8306253149570,8306253267416,8306253718416,8306257046339,8306259610877,
0,8306268436973,8306268436973,9223372036854775807,0,8306268888570,8306268929954,8306268932339,8306269009954,8306270154724,8306270288647,8306270729877,8306274022262,8306276494647,
0,8306284901243,8306284901243,9223372036854775807,0,8306285351031,8306285388493,8306285390877,8306285463647,8306286776493,8306286940724,8306287371724,8306290740570,8306293320416,
0,8306301365920,8306301365920,9223372036854775807,0,8306302030724,8306302073647,8306302394801,8306302471416,8306303504185,8306303640954,8306304131724,8306306148801,8306309513647,
0,8306317829907,8306317829907,9223372036854775807,0,8306318792262,8306318831570,8306318833877,8306318903108,8306319466262,8306319580339,8306320071801,8306323365493,8306325998031,
0,8306334295809,8306334295809,9223372036854775807,0,8306334771262,8306334813570,8306334815954,8306334895877,8306335498416,8306335660801,8306336095493,8306339501570,8306342032493,
0,8306350760335,8306350760335,9223372036854775807,0,8306351194647,8306351234108,8306351236339,8306351307493,8306352653185,8306352808801,8306353250724,8306356457262,8306359020877,
0,8306367225459,8306367225459,9223372036854775807,0,8306367919493,8306367959954,8306367962262,8306368085262,8306368683954,8306369141108,8306369588570,8306373209262,8306376649724,
0,8306383689827,8306383689827,9223372036854775807,0,8306384354185,8306384393724,8306384396416,8306384469493,8306386127185,8306386273339,8306386712647,8306390213416,8306393613801,
0,8306400155115,8306400155115,9223372036854775807,0,8306400569877,8306400611339,8306400900339,8306400982031,8306401855570,8306401969493,8306402432647,8306404327570,8306407004493,
0,8306416620942,8306416620942,9223372036854775807,0,8306417082108,8306417121185,8306417123493,8306417196339,8306418686262,8306418842954,8306419259724,8306422607801,8306425016416,
0,8306433087614,8306433087614,9223372036854775807,0,8306433612339,8306433654493,8306433656954,8306433740031,8306434330954,8306434428339,8306434847724,8306438093801,8306442542724,
0,8306449553611,8306449553611,9223372036854775807,0,8306450119647,8306450164031,8306450166570,8306450248108,8306450872570,8306451224493,8306451657724,8306454973031,8306457648493,
0,8306466019220,8306466019220,9223372036854775807,0,8306466919877,8306466958262,8306466960647,8306467034493,8306467598031,8306468179877,8306468609493,8306472116031,8306474617493,
0,8306482484774,8306482484774,9223372036854775807,0,8306482893416,8306482932185,8306482934570,8306483006493,8306483579724,8306483703647,8306484133570,8306487499493,8306489909954,
0,8306498950963,8306498950963,9223372036854775807,0,8306499976877,8306500083031,8306500356416,8306500429108,8306501173262,8306501280570,8306501724877,8306503646416,8306506151647,
0,8306515415609,8306515415609,9223372036854775807,0,8306515851339,8306515888877,8306515891108,8306515962570,8306516666570,8306516784493,8306517207493,8306520599185,8306523121185,
0,8306531881649,8306531881649,9223372036854775807,0,8306532402724,8306532441185,8306532443647,8306532510108,8306533786570,8306533934724,8306534359262,8306537588108,8306540324185,
0,8306548347559,8306548347559,9223372036854775807,0,8306548839801,8306548877954,8306548880416,8306548952647,8306549602031,8306550100031,8306550542108,8306553806031,8306556998877,
0,8306564813120,8306564813120,9223372036854775807,0,8306565254493,8306565295262,8306565297801,8306565375570,8306565983339,8306566085031,8306566511801,8306569964877,8306572673185,
0,8306581278513,8306581278513,9223372036854775807,0,8306581706185,8306581746570,8306581748954,8306581827416,8306582470647,8306582646724,8306583103724,8306586555031,8306589196493,
0,8306597744930,8306597744930,9223372036854775807,0,8306598765801,8306598806339,8306599087339,8306599170108,8306600387724,8306600499724,8306600947493,8306602925339,8306605904031,
0,8306614211270,8306614211270,9223372036854775807,0,8306614649031,8306614687031,8306614689493,8306614765339,8306615629801,8306615757262,8306616180570,8306619647108,8306622274416,
0,8306630676038,8306630676038,9223372036854775807,0,8306631699877,8306631739570,8306631742185,8306631814262,8306632550185,8306632756108,8306633206493,8306636921724,8306641234416,
0,8306647141740,8306647141740,9223372036854775807,0,8306647590185,8306647631185,8306647633724,8306647712108,8306648340801,8306648483262,8306648921262,8306652391724,8306655201108,
0,8306663599563,8306663599563,9223372036854775807,0,8306664517185,8306664556954,8306664559262,8306664636108,8306665440108,8306665631954,8306666091416,8306669465031,8306672176262,
0,8306680065122,8306680065122,9223372036854775807,0,8306680592339,8306680632801,8306680635185,8306680706416,8306682028801,8306682182339,8306682602724,8306686090262,8306690122801,
0,8306696531453,8306696531453,9223372036854775807,0,8306696996416,8306697036416,8306697339339,8306697415724,8306698948031,8306699083108,8306699534647,8306701625877,8306705153647,
0,8306712999046,8306712999046,9223372036854775807,0,8306713493031,8306713538493,8306713540724,8306713623954,8306714229801,8306714372877,8306714861724,8306718385954,8306721201493,
0,8306729463624,8306729463624,9223372036854775807,0,8306730094954,8306730138570,8306730140954,8306730217877,8306730898954,8306731021954,8306731454185,8306734803031,8306737269262,
0,8306745929979,8306745929979,9223372036854775807,0,8306746375724,8306746415801,8306746418339,8306746496108,8306747364339,8306748095108,8306748543570,8306751991339,8306754556647,
0,8306762395415,8306762395415,9223372036854775807,0,8306762834108,8306762875647,8306762878031,8306762957647,8306763704031,8306763828339,8306764410416,8306768025647,8306770780339,
0,8306778860943,8306778860943,9223372036854775807,0,8306779298954,8306779338339,8306779340493,8306779413031,8306780091877,8306780216339,8306780669031,8306784250185,8306786894954,
0,8306795326926,8306795326926,9223372036854775807,0,8306795783416,8306795820647,8306796114801,8306796189031,8306796894647,8306797003724,8306797523724,8306799671416,8306802452954,
0,8306811792760,8306811792760,9223372036854775807,0,8306812210185,8306812246493,8306812248724,8306812318185,8306812885493,8306813004416,8306813435262,8306816769801,8306819314339,
0,8306828257903,8306828257903,9223372036854775807,0,8306828732185,8306828772416,8306828774724,8306828851570,8306829552185,8306829678185,8306830177493,8306833665493,8306836422570,
0,8306844723420,8306844723420,9223372036854775807,0,8306845203877,8306845245877,8306845248108,8306845326339,8306847584185,8306847789647,8306848200185,8306851738647,8306855392031,
0,8306861189853,8306861189853,9223372036854775807,0,8306861618262,8306861655724,8306861658339,8306861729262,8306862261954,8306862398339,8306862851801,8306866598801,8306868907647,
0,8306877655969,8306877655969,9223372036854775807,0,8306877943108,8306877973108,8306877975031,8306878030801,8306878552493,8306878677647,8306879042185,8306882399801,8306885357339,
0,8306894122554,8306894122554,9223372036854775807,0,8306894507108,8306894541724,8306894772877,8306894845801,8306895583877,8306895756262,8306896193108,8306898129570,8306901154877,
1,8306910589126,8306910589126,9223372036854775807,0,8306911019031,8306911058570,8306911061801,8306943430493,8306955320339,8306955447339,8306956255493,8306959180954,8306961911724,
0,8306959981540,8306976418094,9223372036854775807,0,8306986315570,8306986342416,8306986344493,8306986945647,8306989037416,8306989142339,8306989563493,8306992504877,8306994807339,
0,8306992911966,8306992911966,9223372036854775807,0,8306993285724,8306993318647,8306993320801,8306993382877,8306993883570,8306995014416,8306995330493,8306998189416,8306999699493,
0,8307009377125,8307009377125,9223372036854775807,0,8307009682416,8307009713724,8307009715954,8307009777031,8307010404185,8307010520416,8307010928954,8307014845647,8307016596493,
0,8307025842650,8307025842650,9223372036854775807,0,8307026140108,8307026171570,8307026174031,8307026234339,8307026723570,8307026831801,8307027206724,8307032061031,8307033845647,
0,8307042307582,8307042307582,9223372036854775807,0,8307042611570,8307042644493,8307042903724,8307042969877,8307043632570,8307043741493,8307044154724,8307046042108,8307048336108,
0,8307058773194,8307058773194,9223372036854775807,0,8307059076647,8307059107877,8307059110108,8307059172031,8307059715493,8307059818185,8307060211647,8307063366339,8307064715493,
0,8307075237296,8307075237296,9223372036854775807,0,8307075550954,8307075581647,8307075583724,8307075641647,8307076133570,8307076335493,8307076668031,8307079445493,8307080858339,
0,8307091704127,8307091704127,9223372036854775807,0,8307092008108,8307092041031,8307092043031,8307092103570,8307092624339,8307092732108,8307093069416,8307095936801,8307097067185,
0,8307108167274,8307108167274,9223372036854775807,0,8307108465570,8307108496801,8307108498877,8307108558954,8307109041877,8307109126185,8307109459877,8307112469954,8307113616031,
0,8307124631941,8307124631941,9223372036854775807,0,8307124923954,8307124954185,8307124956416,8307125018108,8307125543724,8307125682801,8307126049647,8307128962416,8307130812416,
0,8307141098219,8307141098219,9223372036854775807,0,8307141388724,8307141419108,8307141643647,8307141702339,8307142264801,8307142357954,8307142690108,8307144152570,8307145887954,
0,8307157563876,8307157563876,9223372036854775807,0,8307157843954,8307157874031,8307157876031,8307157931954,8307158387647,8307158500339,8307158789724,8307161355954,8307163101031,
0,8307174028465,8307174028465,9223372036854775807,0,8307174317570,8307174347339,8307174349647,8307174409185,8307174921647,8307175010031,8307175314570,8307177913570,8307179643877,
0,8307190493845,8307190493845,9223372036854775807,0,8307190784262,8307190814262,8307190816262,8307190874262,8307191374647,8307191480262,8307191770801,8307194408570,8307196168570,
0,8307206958470,8307206958470,9223372036854775807,0,8307207248724,8307207280724,8307207283031,8307207343339,8307207885416,8307207974416,8307208264185,8307210959416,8307212817801,
0,8307223423523,8307223423523,9223372036854775807,0,8307223706647,8307223736570,8307223738801,8307223795724,8307224260724,8307224368570,8307224731262,8307228549262,8307230490954,
0,8307239888901,8307239888901,9223372036854775807,0,8307240207339,8307240237954,8307240455108,8307240514031,8307241055031,8307241136647,8307241452339,8307242990185,8307244752262,
0,8307256354491,8307256354491,9223372036854775807,0,8307256636108,8307256665954,8307256668031,8307256723647,8307257235185,8307257325031,8307257624647,8307260624877,8307262362570,
0,8307272819613,8307272819613,9223372036854775807,0,8307273107570,8307273138647,8307273140724,8307273198801,8307273659570,8307273747262,8307274039262,8307276650570,8307278497801,
0,8307289284235,8307289284235,9223372036854775807,0,8307289565262,8307289594339,8307289596416,8307289649416,8307290137262,8307290238493,8307290528570,8307293216031,8307294911954,
0,8307305749982,8307305749982,9223372036854775807,0,8307306030801,8307306059877,8307306061801,8307306116493,8307306523570,8307306613954,8307306906570,8307309541801,8307311427570,
0,8307322214789,8307322214789,9223372036854775807,0,8307322505339,8307322533724,8307322536031,8307322588877,8307323009724,8307323093724,8307323386877,8307326113108,8307327845647,
0,8307338679838,8307338679838,9223372036854775807,0,8307338970416,8307339000185,8307339204724,8307339259493,8307339819416,8307339922185,8307340299031,8307341792416,8307343539185,
0,8307355145011,8307355145011,9223372036854775807,0,8307355428185,8307355456031,8307355458108,8307355512570,8307355927493,8307356017647,8307356311416,8307359027339,8307360860185,
0,8307371609862,8307371609862,9223372036854775807,0,8307371891954,8307371920570,8307371922724,8307371977185,8307372387570,8307372478185,8307372781416,8307375439954,8307377198108,
0,8307388075148,8307388075148,9223372036854775807,0,8307388354493,8307388383031,8307388384954,8307388441801,8307388859647,8307388944339,8307389239262,8307392028954,8307393971801,
0,8307404539706,8307404539706,9223372036854775807,0,8307404825108,8307404854724,8307404856801,8307404912339,8307405327647,8307405418262,8307405710262,8307408231031,8307409999339,
0,8307421004221,8307421004221,9223372036854775807,0,8307421282570,8307421309954,8307421312262,8307421363877,8307421801801,8307421891339,8307422185570,8307425331954,8307427259877,
0,8307437469968,8307437469968,9223372036854775807,0,8307437746031,8307437774954,8307437979647,8307438032108,8307438542724,8307438627262,8307438958108,8307440426262,8307442202801,
0,8307453934220,8307453934220,9223372036854775807,0,8307454212416,8307454240954,8307454243031,8307454295724,8307454705108,8307454794031,8307455110493,8307457625031,8307459365185,
0,8307470400566,8307470400566,9223372036854775807,0,8307470688339,8307470717877,8307470719954,8307470774262,8307471191108,8307471280954,8307471600185,8307474090262,8307475830801,
0,8307486865883,8307486865883,9223372036854775807,0,8307487137262,8307487166108,8307487168262,8307487223493,8307487626339,8307487717185,8307488008647,8307490603416,8307492352877,
0,8307503330433,8307503330433,9223372036854775807,0,8307503615339,8307503643108,8307503645262,8307503698647,8307504107031,8307504196877,8307504489647,8307506992877,8307508700570,
0,8307519796133,8307519796133,9223372036854775807,0,8307520105724,8307520134647,8307520136570,8307520191493,8307520595877,8307520688724,8307520982647,8307523518031,8307525322877,
0,8307536261013,8307536261013,9223372036854775807,0,8307536545108,8307536573493,8307536779416,8307536830801,8307537339031,8307537425416,8307537761954,8307539140570,8307540894031,
0,8307552725595,8307552725595,9223372036854775807,0,8307552995801,8307553023801,8307553025801,8307553079262,8307553482031,8307553570031,8307553887570,8307556707954,8307558610878,
0,8307569191753,8307569191753,9223372036854775807,0,8307569462647,8307569491570,8307569493801,8307569548108,8307569964570,8307570108031,8307570410108,8307573084647,8307574814878,
0,8307585656487,8307585656487,9223372036854775807,0,8307585930954,8307585959493,8307585961878,8307586016493,8307586432031,8307586523724,8307586814570,8307589462954,8307591202570,
0,8307602120011,8307602120011,9223372036854775807,0,8307602398647,8307602427031,8307602429108,8307602484724,8307602923724,8307603013954,8307603304185,8307605936493,8307607663185,
0,8307618586713,8307618586713,9223372036854775807,0,8307618874647,8307618903031,8307618905108,8307618959339,8307619360493,8307619442954,8307619731108,8307622419339,8307624143954,
0,8307635051582,8307635051582,9223372036854775807,0,8307635335724,8307635363416,8307635567724,8307635622339,8307636136801,8307636222954,8307636552570,8307638097108,8307639874954,
0,8307651516495,8307651516495,9223372036854775807,0,8307651789108,8307651817570,8307651819493,8307651873724,8307652286801,8307652380954,8307652674185,8307655348262,8307657117339,
0,8307667981473,8307667981473,9223372036854775807,0,8307668256031,8307668285878,8307668288185,8307668344031,8307668794647,8307668885878,8307669178339,8307671952954,8307673688878,
0,8307684446810,8307684446810,9223372036854775807,0,8307684726185,8307684754416,8307684756416,8307684810954,8307685235724,8307685319878,8307685615570,8307688457031,8307690225108,
0,8307700911610,8307700911610,9223372036854775807,0,8307701198878,8307701227493,8307701229570,8307701283570,8307701701262,8307701792493,8307702093493,8307704780108,8307706503954,
0,8307717377229,8307717377229,9223372036854775807,0,8307717660878,8307717689339,8307717691493,8307717747185,8307718172262,8307718254108,8307718556031,8307721323185,8307723186108,
0,8307733841011,8307733841011,9223372036854775807,0,8307734128954,8307734157878,8307734358954,8307734409801,8307734911493,8307734995954,8307735335416,8307736761031,8307738643262,
0,8307750306922,8307750306922,9223372036854775807,0,8307750580262,8307750608262,8307750610339,8307750663878,8307751081185,8307751172570,8307751470031,8307754146647,8307756173570,
0,8307766773120,8307766773120,9223372036854775807,0,8307767043724,8307767073031,8307767075031,8307767128878,8307767543801,8307767634801,8307767927724,8307770649647,8307772536185,
0,8307783237274,8307783237274,9223372036854775807,0,8307783528185,8307783556262,8307783558339,8307783613339,8307784024108,8307784109031,8307784401416,8307787051031,8307788871647,
0,8307807868044,8307807868044,9223372036854775807,0,8307808248493,8307808277185,8307808279339,8307808331954,8307808728724,8307808810262,8307809098108,8307811775954,8307813647108,
0,8307824330171,8307824330171,9223372036854775807,0,8307824714801,8307824743262,8307824949647,8307825002108,8307825553108,8307825655185,8307826002185,8307827640570,8307829630339,
0,8307840794983,8307840794983,9223372036854775807,0,8307841212493,8307841240493,8307841242647,8307841296878,8307841704954,8307841795570,8307842092185,8307844805339,8307846698724,
0,8307857259608,8307857259608,9223372036854775807,0,8307857675570,8307857703416,8307857705647,8307857760031,8307858189724,8307858282185,8307858583185,8307861329801,8307863411031,
0,8307873725106,8307873725106,9223372036854775807,0,8307875811570,8307875845954,8307875848185,8307875915262,8307876451416,8307876558031,8307876912262,8307879967108,8307882342801,
0,8307890189382,8307890189382,9223372036854775807,0,8307890899185,8307890933031,8307890935339,8307891002031,8307891543339,8307891650724,8307892010262,8307895321878,8307899912185,
0,8307906654178,8307906654178,9223372036854775807,0,8307907089724,8307907122570,8307907124724,8307907187954,8307907700339,8307907817647,8307908188416,8307911267262,8307913368031,
0,8307923118171,8307923118171,9223372036854775807,0,8307923605031,8307923636878,8307923867493,8307923929339,8307924517724,8307924614801,8307924998801,8307926749570,8307928987416,
0,8307939582298,8307939582298,9223372036854775807,0,8307940056416,8307940090262,8307940092878,8307940156493,8307940642031,8307940738801,8307941083801,8307944044262,8307946167185,
0,8307956047384,8307956047384,9223372036854775807,0,8307956432108,8307956466031,8307956468262,8307956552262,8307957031108,8307957126954,8307957467647,8307960477185,8307962677647,
0,8307972511346,8307972511346,9223372036854775807,0,8307972916647,8307972949493,8307972951801,8307973014031,8307973523954,8307973619031,8307973959493,8307976990724,8307979156801,
0,8307988975562,8307988975562,9223372036854775807,0,8307989532185,8307989564339,8307989566570,8307989630647,8307990220878,8307990324339,8307990663339,8307993859647,8307995987954,
0,8308005440522,8308005440522,9223372036854775807,0,8308005945339,8308005978724,8308005981108,8308006045647,8308006503647,8308006600954,8308006970339,8308009935493,8308012111647,
0,8308021905887,8308021905887,9223372036854775807,0,8308022332262,8308022366339,8308022624339,8308022689801,8308023288031,8308023381262,8308023764339,8308025418185,8308027821493,
0,8308038369887,8308038369887,9223372036854775807,0,8308038841031,8308038872647,8308038875108,8308038932878,8308039354339,8308039443031,8308039765493,8308042880416,8308044946647,
0,8308054834159,8308054834159,9223372036854775807,0,8308055298570,8308055328724,8308055331262,8308055389801,8308055813647,8308055903108,8308056223108,8308059304570,8308061307339,
0,8308071299044,8308071299044,9223372036854775807,0,8308071675339,8308071705416,8308071708031,8308071766185,8308072243878,8308072330185,8308072643493,8308075692954,8308077721416,
0,8308087761808,8308087761808,9223372036854775807,0,8308088180954,8308088210416,8308088212801,8308088268801,8308088721416,8308088809801,8308089125262,8308092249493,8308094275878,
0,8308104226938,8308104226938,9223372036854775807,0,8308104629339,8308104660954,8308104663262,8308104721801,8308105170185,8308105258570,8308105584262,8308108641493,8308110853954,
0,8308120691792,8308120691792,9223372036854775807,0,8308121457878,8308121491416,8308121737954,8308121798570,8308122387493,8308122507493,8308122894108,8308124816339,8308127447416,
0,8308137157440,8308137157440,9223372036854775807,0,8308137783570,8308137817724,8308137820724,8308137886262,8308138440878,8308138556724,8308138907647,8308142733954,8308145087724,
0,8308153621531,8308153621531,9223372036854775807,0,8308154134416,8308154163724,8308154165724,8308154223185,8308154728647,8308154817724,8308155185647,8308157987954,8308159996878,
0,8308170085907,8308170085907,9223372036854775807,0,8308170603647,8308170631954,8308170634031,8308170690108,8308171175416,8308171266339,8308171604878,8308174491262,8308176449108,
0,8308186549859,8308186549859,9223372036854775807,0,8308187000108,8308187029878,8308187032031,8308187086724,8308187505416,8308187586801,8308187878416,8308190766647,8308192676262,
0,8308203014774,8308203014774,9223372036854775807,0,8308203374954,8308203403493,8308203405570,8308203462801,8308203911262,8308203991801,8308204289262,8308206982185,8308208920954,
0,8308219479827,8308219479827,9223372036854775807,0,8308219885801,8308219915570,8308220197262,8308220258031,8308220886108,8308220969031,8308221333570,8308223007724,8308225240416,
0,8308235944064,8308235944064,9223372036854775807,0,8308236423570,8308236452493,8308236454647,8308236512262,8308236962954,8308237036493,8308237354801,8308240329493,8308242965031,
0,8308252409056,8308252409056,9223372036854775807,0,8308252796647,8308252826108,8308252828031,8308252885262,8308253340801,8308253443647,8308253752416,8308256566724,8308258627416,
