0,68854537245393,68854537245393,68854526000000,68854532245393,68854537986409,68854539385102,68854539462717,68854539560948,68854540204025,68854540322640,68854540753179,68854545344794,68854548630717,
0,68854553935578,68854553935578,68854544000000,68854548935578,68854554570486,68854555666794,68854555863563,68854555971563,68854556650333,68854556754563,68854557192256,68854563750871,68854566999179,
0,68854570625272,68854570625272,68854560000000,68854565625272,68854571186025,68854571718717,68854571804256,68854571894102,68854572506333,68854572592102,68854573026794,68854580540102,68854584081025,
0,68854587314535,68854587314535,68854577000000,68854582314535,68854587802333,68854588209717,68854588237563,68854588299333,68854588648871,68854588704333,68854589142948,68854591738486,68854594601256,
0,68854604004256,68854604004256,68854593000000,68854599004256,68854604549563,68854605109871,68854605138563,68854605197563,68854605527179,68854605606333,68854606032563,68854614292333,68854618527102,
0,68854621322374,68854621322374,68854610000000,68854616322374,68854621736409,68854622202025,68854622228794,68854622281025,68854622565563,68854622642640,68854623095025,68854629040409,68854632523948,
0,68854638012098,68854638012098,68854627000000,68854633012098,68854638517486,68854638940102,68854638970640,68854639028486,68854639387333,68854639515794,68854639969871,68854645343640,68854648895563,
0,68854654701086,68854654701086,68854644000000,68854649701086,68854655385717,68854656739640,68854656826409,68854657103102,68854657571486,68854657671948,68854658093486,68854663616717,68854667472102,
0,68854671388842,68854671388842,9223372036854775807,0,68854671958794,68854671970102,68854671989871,68854672045333,68854672392948,68854672457102,68854672808486,68854675415563,68854678319486,
0,68854688078613,68854688078613,9223372036854775807,0,68854688608333,68854688636333,68854688696640,68854688760256,68854689181333,68854689264025,68854689647871,68854698704409,68854702683640,
0,68854705068754,68854705068754,9223372036854775807,0,68854705489794,68854705510409,68854705539948,68854705580256,68854705839794,68854705917640,68854706320409,68854709770563,68854713347333,
0,68854721818983,68854721818983,9223372036854775807,0,68854722403640,68854722434256,68854722498640,68854722562563,68854723006256,68854723111717,68854723564025,68854729642717,68854734677102,
0,68854738568893,68854738568893,9223372036854775807,0,68854739093486,68854739116640,68854739160948,68854739213102,68854739944333,68854740083179,68854740527486,68854743210794,68854746166333,
0,68854755319011,68854755319011,9223372036854775807,0,68854756042717,68854756073102,68854756144486,68854756211717,68854756682717,68854756779563,68854757214256,68854762083256,68854765442486,
0,68854772069102,68854772069102,9223372036854775807,0,68854772507333,68854772524025,68854772550256,68854772587871,68854772863179,68854773011717,68854773815794,68854780645563,68854784673717,
0,68854788818475,68854788818475,9223372036854775807,0,68854789277333,68854789346102,68854789395333,68854789441717,68854789753563,68854789843025,68854790288025,68854795328102,68854800656333,
0,68854805568154,68854805568154,68854788000000,68854789500000,68854806020794,68854806851486,68854806884486,68854806937717,68854807294794,68854807397948,68854807862563,68854814134179,68854817568563,
0,68854822317688,68854822317688,68854812000000,68854812000000,68854822981948,68854823399717,68854823429025,68854823487333,68854823855025,68854824129640,68854825072871,68854832145948,68854835594794,
0,68854839067949,68854839067949,68854829000000,68854834067949,68854839586486,68854839966871,68854840106948,68854840190486,68854840669410,68854840790640,68854841199948,68854844087640,68854847050410,
0,68854855817197,68854855817197,68854845000000,68854850817197,68854856382948,68854856820410,68854856851948,68854856911102,68854857258640,68854857347563,68854857770486,68854861415025,68854864506486,
0,68854872567032,68854872567032,68854862000000,68854867567032,68854873117871,68854873608410,68854873639102,68854873699794,68854874049563,68854874142256,68854874534256,68854883341179,68854886623179,
0,68854889317066,68854889317066,68854878000000,68854884317066,68854889868256,68854890296717,68854890323025,68854890374486,68854890686871,68854890769794,68854891195948,68854894187871,68854897364486,
0,68854906066856,68854906066856,68854895000000,68854901066856,68854906624871,68854907170025,68854907200717,68854907259871,68854907548794,68854907629256,68854908120333,68854912375717,68854915410794,
0,68854922816751,68854922816751,68854912000000,68854917816751,68854923395486,68854923881179,68854923912179,68854923974871,68854924293948,68854924403410,68854924850563,68854929388640,68854932584871,
0,68854939566745,68854939566745,68854929000000,68854934566745,68854940110563,68854940588025,68854940617640,68854940675486,68854940971179,68854941050486,68854941536717,68854945266102,68854948633256,
0,68854956316136,68854956316136,68854945000000,68854951316136,68854957148794,68854957625948,68854957655563,68854957714333,68854958002486,68854958089179,68854958532563,68854963976179,68854967879486,
0,68854973066043,68854973066043,9223372036854775807,0,68854973562179,68854973581410,68854973610794,68854973673256,68854974155102,68854974304410,68854974964025,68854977935486,68854981654025,
0,68854989815919,68854989815919,9223372036854775807,0,68854990391640,68854990437333,68854990567256,68854990668717,68854991317256,68854991405563,68854991808102,68854995967717,68854999078179,
0,68855006565666,68855006565666,9223372036854775807,0,68855007307871,68855007338333,68855007385179,68855007445486,68855007851486,68855007957102,68855008668410,68855014453333,68855018432640,
0,68855023315512,68855023315512,9223372036854775807,0,68855023995794,68855024111871,68855024148717,68855024205410,68855024553717,68855024707794,68855025332563,68855032371025,68855036169025,
0,68855040057915,68855040057915,9223372036854775807,0,68855041284948,68855041321410,68855041438179,68855041523563,68855042230102,68855042341948,68855042798256,68855052326256,68855055855410,
0,68855056807077,68855056807077,9223372036854775807,0,68855057460948,68855057501640,68855057616871,68855057706179,68855058397410,68855058482025,68855058845025,68855063150102,68855067116948,
0,68855073556132,68855073556132,9223372036854775807,0,68855074657871,68855074701486,68855074794410,68855074883179,68855075411563,68855075550563,68855076188333,68855082299410,68855086082563,
0,68855090304218,68855090304218,9223372036854775807,0,68855091082640,68855091118333,68855091169871,68855091245102,68855091566871,68855091639179,68855092114025,68855097870410,68855101024717,
0,68855107053724,68855107053724,9223372036854775807,0,68855107946333,68855107968025,68855108168948,68855108241333,68855108801948,68855108886717,68855109287794,68855114271410,68855118204025,
0,68855123782697,68855123782697,68855108000000,68855114500000,68855125704563,68855126456717,68855126495563,68855126553179,68855126870102,68855126976640,68855127384871,68855131561179,68855135218025,
0,68855140533101,68855140533101,68855131000000,68855131000000,68855141194486,68855141685871,68855141716179,68855141779102,68855142092948,68855142137179,68855142347025,68855145059410,68855148900102,
0,68855157283186,68855157283186,68855147000000,68855152283186,68855157793563,68855158557179,68855158637563,68855158732717,68855159230948,68855159271486,68855159472025,68855163749948,68855167608717,
0,68855174033507,68855174033507,68855164000000,68855169033507,68855174480640,68855208482025,68855208848333,68855210992486,68855213247640,68855213311640,68855213716486,68855219823333,68855220500410,
0,68855224283201,68855224283201,68855213000000,68855213000000,68855224753563,68855225202717,68855225245717,68855225369948,68855225673563,68855225705179,68855225904717,68855228181640,68855231195563,
0,68855241033860,68855241033860,68855230000000,68855236033860,68855242603333,68855243178948,68855244376256,68855244540179,68855244857717,68855244939871,68855245375794,68855250416025,68855253748871,
0,68855257784042,68855257784042,68855248000000,68855252784042,68855258273256,68855259214871,68855259252794,68855259362410,68855259659717,68855259694410,68855259928794,68855265264179,68855266121717,
0,68855274534211,68855274534211,68855264000000,68855269534211,68855275086640,68855285696025,68855285732563,68855286123717,68855286999794,68855287109640,68855288731333,68855294529563,68855295142410,
0,68855291282440,68855291282440,9223372036854775807,0,68855299415102,68855299511563,68855299513025,68855299568563,68855300321717,68855300370333,68855301236102,68855309785179,68855310825333,
0,68855308033414,68855308033414,68855291000000,68855291000000,68855310478486,68855310966410,68855311011563,68855311146256,68855311641410,68855311748871,68855311987102,68855317007333,68855317731256,
0,68855324784140,68855324784140,68855316000000,68855316000000,68855325354871,68855326763563,68855326829333,68855327003333,68855327665794,68855327713486,68855327962717,68855330371717,68855333729640,
0,68855341533776,68855341533776,9223372036854775807,0,68855342271717,68855342305717,68855343826563,68855343973025,68855344684717,68855344802486,68855345268256,68855347434179,68855348701717,
0,68855358284273,68855358284273,9223372036854775807,0,68855358858025,68855358933794,68855359360025,68855359499179,68855360350025,68855360417179,68855361599025,68855368560948,68855369498486,
0,68855375034633,68855375034633,9223372036854775807,0,68855375744563,68855375783179,68855376162871,68855376312871,68855376983410,68855377124410,68855377759025,68855381264102,68855384616640,
0,68855391784582,68855391784582,9223372036854775807,0,68855392547102,68855392577948,68855392912486,68855393050640,68855393794948,68855393842563,68855394098179,68855397104871,68855402834256,
0,68855408529334,68855408529334,9223372036854775807,0,68855409398333,68855409427102,68855409763948,68855409890256,68855410567025,68855410663025,68855411128025,68855413713256,68855416844333,
0,68855425279084,68855425279084,9223372036854775807,0,68855425952486,68855425992640,68855426432948,68855426649640,68855427655640,68855427765563,68855428335794,68855432920871,68855436556640,
0,68855442029304,68855442029304,9223372036854775807,0,68855442746333,68855442790256,68855443248640,68855443419410,68855444293102,68855444442948,68855445224640,68855456383563,68855460683410,
0,68855458779342,68855458779342,9223372036854775807,0,68855459263486,68855459281410,68855459623794,68855459799486,68855460827102,68855460862410,68855461091871,68855463473563,68855464048871,
0,68855475529918,68855475529918,68855459000000,68855460500000,68855476092025,68855498355256,68855498532256,68855499330179,68855501432794,68855501491717,68855501759333,68855503919563,68855507142025,
0,68855509030728,68855509030728,68855503000000,68855503000000,68855509565333,68855509999640,68855510088025,68855510365333,68855510903410,68855510990794,68855511524102,68855513814871,68855517476563,
0,68855525781280,68855525781280,68855515000000,68855520781280,68855526254717,68855529283794,68855529419717,68855529635256,68855530202640,68855530293256,68855530837179,68855534596717,68855538032102,
0,68855542531267,68855542531267,68855534000000,68855537531267,68855543132256,68855543693179,68855543804102,68855544027794,68855544759025,68855544799102,68855545053333,68855547449794,68855551143486,
0,68855559281369,68855559281369,68855549000000,68855554281369,68855559744256,68855560732640,68855560827948,68855561039948,68855561722794,68855561830640,68855562365333,68855564926256,68855568451948,
0,68855576031154,68855576031154,68855566000000,68855571031154,68855577090410,68855578094563,68855578252486,68855578449025,68855579068563,68855579168948,68855579645333,68855584270794,68855587595333,
0,68855592781369,68855592781369,68855584000000,68855587781369,68855593162794,68855593676025,68855593785179,68855593987102,68855594532410,68855594583717,68855594803794,68855597373025,68855601067179,
0,68855609529777,68855609529777,68855599000000,68855604529777,68855610240102,68855610770794,68855610924948,68855611147410,68855611726486,68855611925410,68855612756333,68855621881410,68855622987256,
0,68855626276853,68855626276853,68855616000000,68855621276853,68855627167256,68855628115640,68855628243640,68855628535102,68855629283179,68855629358179,68855631420410,68855638878410,68855640271025,
0,68855643026589,68855643026589,68855633000000,68855638026589,68855643620102,68855644586256,68855644692948,68855644919333,68855645420179,68855645453794,68855645725563,68855648915717,68855653217179,
0,68855659763891,68855659763891,9223372036854775807,0,68855661193486,68855661221717,68855672645563,68855673264256,68855674328794,68855674446717,68855674916486,68855680792948,68855681524333,
0,68855676514226,68855676514226,9223372036854775807,0,68855677692948,68855677723256,68855678089025,68855678408640,68855679044948,68855681825871,68855682933410,68855685599025,68855686116256,
0,68855693264718,68855693264718,9223372036854775807,0,68855693793948,68855693833717,68855694428025,68855694886179,68855695835871,68855695948794,68855697105948,68855700901025,68855703875948,
0,68855710014961,68855710014961,9223372036854775807,0,68855710621871,68855710662640,68855711432179,68855711900948,68855713058640,68855713163025,68855713605640,68855716650102,68855719647794,
0,68855726765241,68855726765241,9223372036854775807,0,68855727314025,68855727372717,68855728713486,68855729058333,68855729806410,68855729851948,68855730065256,68855732155025,68855734862794,
0,68855743515561,68855743515561,9223372036854775807,0,68855744037486,68855744066410,68855757785640,68855758217486,68855759344102,68855759430871,68855760659948,68855768451794,68855769531102,
0,68855760266035,68855760266035,9223372036854775807,0,68855763530025,68855763584410,68855764182871,68855764588179,68855765823102,68855769862333,68855770617563,68855773909025,68855774907333,
0,68855777016333,68855777016333,9223372036854775807,0,68855777571640,68855777612102,68855778227410,68855778726486,68855780434871,68855780584563,68855781289717,68855788971640,68855789855794,
0,68855793766368,68855793766368,9223372036854775807,0,68855794483486,68855794527794,68855795026025,68855795322102,68855796161256,68855796310640,68855796822794,68855799655794,68855803130640,
0,68855810498877,68855810498877,9223372036854775807,0,68855812583871,68855812620102,68855813073333,68855813375717,68855814202640,68855814283102,68855814614410,68855818491871,68855821695179,
0,68855827248991,68855827248991,9223372036854775807,0,68855827934794,68855827974256,68855828433486,68855828694486,68855829569717,68855829628640,68855829951717,68855833424640,68855836656486,
0,68855843999502,68855843999502,9223372036854775807,0,68855844639948,68855844687948,68855845179333,68855845470179,68855846456410,68855846620563,68855848628717,68855857864333,68855858657563,
0,68855860750095,68855860750095,9223372036854775807,0,68855861293410,68855861325871,68855861676333,68855861884640,68855862733333,68855862873179,68855864297410,68855873265948,68855874191563,
0,68855877500901,68855877500901,9223372036854775807,0,68855878115794,68855878158486,68855889710333,68855890544410,68855892931794,68855893091256,68855893756333,68855900413025,68855901254948,
0,68855894251294,68855894251294,9223372036854775807,0,68855894859333,68855894896640,68855895432486,68855895855563,68855897015486,68855901518333,68855901816410,68855903955640,68855904551179,
0,68855911001593,68855911001593,9223372036854775807,0,68855912165486,68855912204717,68855912632333,68855912914563,68855913703948,68855913819640,68855914459025,68855920628256,68855921567410,
0,68855927751437,68855927751437,9223372036854775807,0,68855928341948,68855928377256,68855928845256,68855929145179,68855930165102,68855930304256,68855930970486,68855936734102,68855940271794,
0,68855944500907,68855944500907,9223372036854775807,0,68855945382563,68855945424563,68855945981794,68855946305179,68855947394102,68855947457563,68855947889256,68855951594794,68855954699486,
0,68855961250331,68855961250331,9223372036854775807,0,68855962013640,68855962056333,68855962592717,68855962929410,68855964120486,68855964210179,68855965080333,68855971879179,68855973055640,
0,68855978000774,68855978000774,9223372036854775807,0,68855978740179,68855978788563,68855979275179,68855979586256,68855980794333,68855980864486,68855982079333,68855991321563,68855992396102,
0,68855994751794,68855994751794,9223372036854775807,0,68855995276794,68855995307025,68855995783486,68855996147948,68855997142333,68855997326486,68855998073179,68856001503948,68856004722871,
0,68856011502711,68856011502711,9223372036854775807,0,68856012077179,68856012120948,68856012880410,68856013451179,68856015223948,68856015292948,68856015599794,68856019050871,68856022443717,
0,68856028252710,68856028252710,9223372036854775807,0,68856028767794,68856028797948,68856029142640,68856031687871,68856033365410,68856033502948,68856034225640,68856040247794,68856043959025,
0,68856045003165,68856045003165,9223372036854775807,0,68856045560487,68856045600333,68856046110717,68856046512640,68856047626640,68856047710025,68856048101179,68856055778871,68856056809563,
0,68856061753817,68856061753817,9223372036854775807,0,68856062365102,68856062403256,68856062776025,68856063057487,68856063723717,68856063837025,68856064529487,68856067485640,68856070759948,
0,68856078504345,68856078504345,9223372036854775807,0,68856079162025,68856079202410,68856079670256,68856079983794,68856080757717,68856080838871,68856081242563,68856084181410,68856087406794,
0,68856095254581,68856095254581,9223372036854775807,0,68856095924948,68856095968487,68856114403948,68856114954948,68856116918333,68856117086487,68856118064563,68856123515179,68856127020948,
0,68856112004742,68856112004742,9223372036854775807,0,68856120331871,68856120368948,68856120775333,68856120929025,68856121549871,68856127252487,68856127508794,68856129238717,68856130044640,
0,68856128754982,68856128754982,9223372036854775807,0,68856129238179,68856129268256,68856129790640,68856129971256,68856130924794,68856130960410,68856131159563,68856134525487,68856135338871,
0,68856145505373,68856145505373,9223372036854775807,0,68856146222794,68856146259256,68856146684640,68856146816333,68856147314640,68856147425717,68856147957487,68856151078179,68856154449487,
0,68856162254834,68856162254834,9223372036854775807,0,68856162934717,68856162974948,68856166831563,68856167120948,68856168296563,68856168451179,68856169800256,68856173996948,68856177167179,
0,68856179004456,68856179004456,9223372036854775807,0,68856179616487,68856179655410,68856181386948,68856181698102,68856182745256,68856182811640,68856183094871,68856190243487,68856191030948,
0,68856195754311,68856195754311,9223372036854775807,0,68856196464179,68856196502563,68856196917179,68856197064948,68856197767640,68856197831948,68856199102333,68856201757640,68856204797871,
0,68856212503694,68856212503694,9223372036854775807,0,68856213175256,68856213212256,68856213589256,68856213731179,68856214481563,68856214599563,68856215899717,68856220830640,68856224750102,
0,68856229253032,68856229253032,9223372036854775807,0,68856229958256,68856229996794,68856230448640,68856230598871,68856231402948,68856231536640,68856233108410,68856238927256,68856243535410,
0,68856246001805,68856246001805,9223372036854775807,0,68856247166563,68856247216871,68856247936871,68856248339640,68856249871410,68856249972563,68856250300794,68856253571871,68856256796871,
0,68856262751773,68856262751773,9223372036854775807,0,68856263489487,68856263535487,68856264111948,68856264278025,68856264972025,68856265046563,68856265360025,68856268420333,68856271867487,
0,68856279501645,68856279501645,9223372036854775807,0,68856280386025,68856280391025,68856280940563,68856281109487,68856281721410,68856281768487,68856282053333,68856290225487,68856291165563,
0,68856296251655,68856296251655,9223372036854775807,0,68856296963794,68856297008640,68856297491794,68856297691410,68856298337563,68856298385717,68856298681794,68856302277025,68856305897948,
0,68856313001864,68856313001864,9223372036854775807,0,68856313727025,68856313773102,68856314287410,68856314456025,68856315094256,68856315142410,68856315432717,68856318508871,68856322647563,
0,68856329751843,68856329751843,9223372036854775807,0,68856330479794,68856330523410,68856331024563,68856331262102,68856331922102,68856331972025,68856332551487,68856335766179,68856339732487,
0,68856346501969,68856346501969,9223372036854775807,0,68856347198487,68856347254256,68856348160410,68856348558410,68856349835256,68856350080717,68856350833102,68856356610025,68856361565794,
0,68856363252229,68856363252229,9223372036854775807,0,68856363861563,68856363901256,68856364447179,68856364790025,68856365883563,68856365941256,68856366236563,68856369210102,68856372982948,
0,68856379999902,68856379999902,9223372036854775807,0,68856380809717,68856380847717,68856381266102,68856381410025,68856381893717,68856382056794,68856382894410,68856385810333,68856388921717,
0,68856396750171,68856396750171,9223372036854775807,0,68856397427948,68856397468640,68856397905410,68856398067025,68856398597640,68856398722102,68856399116025,68856402327102,68856406187179,
0,68856413500572,68856413500572,9223372036854775807,0,68856414044025,68856414075640,68856414405102,68856414537563,68856414980563,68856415053025,68856415431794,68856417898948,68856421765333,
0,68856430251140,68856430251140,9223372036854775807,0,68856430869025,68856430898794,68856431252410,68856431379563,68856431832410,68856431958563,68856432440410,68856436913333,68856441016025,
0,68856447002294,68856447002294,9223372036854775807,0,68856447644025,68856447686256,68856448220871,68856448402563,68856449017256,68856449154333,68856449760102,68856459535871,68856462932487,
0,68856463752914,68856463752914,9223372036854775807,0,68856464331948,68856464358948,68856464638717,68856464749487,68856465122410,68856465192025,68856465598025,68856468046333,68856468738256,
0,68856480494449,68856480494449,9223372036854775807,0,68856481715487,68856481757025,68856482192179,68856482350102,68856482893333,68856483014640,68856483553179,68856488642179,68856492202948,
0,68856497244626,68856497244626,9223372036854775807,0,68856498360179,68856498440256,68856499724948,68856500127640,68856500890333,68856501031410,68856501626871,68856506004256,68856509253487,
0,68856513995640,68856513995640,9223372036854775807,0,68856514725102,68856514767871,68856515219102,68856515388640,68856515748871,68856515926487,68856517053794,68856525525717,68856529313948,
0,68856530746424,68856530746424,9223372036854775807,0,68856531233794,68856531236871,68856531502256,68856531597410,68856531721102,68856531812717,68856532242563,68856534941102,68856537759333,
0,68856547488428,68856547488428,9223372036854775807,0,68856549189256,68856549249794,68856550518487,68856550865102,68856551276102,68856551489487,68856552369487,68856560075179,68856564839333,
0,68856564236907,68856564236907,9223372036854775807,0,68856564993717,68856565041640,68856565336563,68856565431410,68856565721102,68856565856717,68856566662333,68856573786179,68856578346179,
0,68856932721229,68856932721229,9223372036854775807,0,68856934625025,68856934705640,68856936072640,68856980271487,68856982310487,68856982650179,68856984748794,68856989320640,68856992311794,
