0,10058554826999,10058554826999,9223372036854775807,0,10058560888520,10058561033366,10058561035751,10058561151443,10058562530982,10058563451828,10058566718597,10058569336443,10058573288982,166000,1777000,
0,10058571387389,10058571387389,10058557000000,10058557000000,10058572041905,10058581119597,10058581183212,10058583445289,10058584994212,10058585120828,10058587562751,10058592464135,10058595635982,225000,596000,
0,10058587946044,10058587946044,9223372036854775807,0,10058592718982,10058593085212,10058593090212,10058593272520,10058594332982,10058595806828,10058596226443,10058598747751,10058605990982,4834000,1353000,
0,10058604505573,10058604505573,10058586000000,10058586000000,10058604901289,10058605449751,10058605527982,10058605641289,10058606779597,10058606899828,10058608824751,10058612113212,10058622446828,7649000,416000,
0,10058621065038,10058621065038,9223372036854775807,0,10058621482674,10058621514135,10058621939674,10058622066982,10058623269212,10058623385751,10058623864520,10058626686212,10058639051058,9514000,267000,
0,10058637624749,10058637624749,9223372036854775807,0,10058638025674,10058638058674,10058638407135,10058638559674,10058639933135,10058640072366,10058642926289,10058647126597,10058655576597,6281000,264000,
0,10058654184313,10058654184313,9223372036854775807,0,10058654614520,10058654654212,10058655045520,10058655175520,10058656329212,10058656385135,10058656657828,10058658824289,10058671873982,10937000,240000,
0,10058670743806,10058670743806,9223372036854775807,0,10058671143289,10058671178289,10058671488828,10058671619443,10058672840597,10058672905058,10058673174982,10058675289366,10058689422135,11818000,229000,
0,10058687303476,10058687303476,9223372036854775807,0,10058687785905,10058687825597,10058689810674,10058689953443,10058691941597,10058692078212,10058692609443,10058695577751,10058705891443,7546000,336000,
0,10058703863111,10058703863111,9223372036854775807,0,10058704402597,10058704437674,10058706295135,10058706470058,10058707927982,10058708007212,10058708517212,10058711517135,10058721927674,7825000,336000,
0,10058720422461,10058720422461,9223372036854775807,0,10058721164905,10058721201443,10058722682520,10058722839828,10058724406982,10058724537982,10058725073905,10058728064905,10058740125520,8822000,419000,
0,10058753542087,10058753542087,10058736000000,10058738500000,10058753975520,10058754929674,10058755122828,10058755444135,10058756960520,10058757081135,10058757605828,10058760217520,10058763156982,208000,354000,
0,10058770102068,10058770102068,10058760000000,10058760000000,10058770575520,10058771210289,10058771380905,10058771506982,10058773027289,10058773159289,10058773684751,10058776169212,10058781705905,157000,381000,
0,10058786661914,10058786661914,10058777000000,10058781661914,10058787161212,10058794575751,10058794709212,10058797037212,10058798483289,10058798588905,10058799240982,10058803098751,10058808676982,229000,2684000,
0,10058803221423,10058803221423,9223372036854775807,0,10058805883905,10058807617905,10058808232289,10058808952135,10058810108828,10058810217135,10058810679905,10058813167828,10058823664828,8123000,265000,
0,10058819782236,10058819782236,10058799000000,10058799000000,10058821564058,10058823286905,10058823926520,10058824067212,10058825141443,10058825218212,10058825664135,10058828989982,10058839357751,7130000,430000,
0,10058836341765,10058836341765,10058828000000,10058828000000,10058838554674,10058854884751,10058855108982,10058855599982,10058857478366,10058857590366,10058858152135,10058861144135,10058864940212,163000,345000,
0,10058869462547,10058869462547,10058859000000,10058859000000,10058869904135,10058872966597,10058873252520,10058873401366,10058874690828,10058874825751,10058875479058,10058879200520,10058882342366,350000,405000,
0,10058886022367,10058886022367,10058877000000,10058881022367,10058887203135,10058889176289,10058889387058,10058889562520,10058891256597,10058891392597,10058892024828,10058895626674,10058899095212,285000,473000,
0,10058902582156,10058902582156,10058894000000,10058897582156,10058903129520,10058922572751,10058922763828,10058925862674,10058928373366,10058928567828,10058929384289,10058934130674,10058938607597,258000,911000,
0,10058935701620,10058935701620,10058928000000,10058928000000,10058936218058,10058937190597,10058938037135,10058938280982,10058938977443,10058939082366,10058939622674,10058943413212,10058955776212,7386000,454000,
0,10058952262007,10058968829269,10058942000000,10058949000000,10058979444366,10058980960135,10058981166982,10058981306135,10058981694058,10058981848289,10058982412982,10058986294443,10058992659520,425000,1599000,
0,10058985381210,10058985381210,9223372036854775807,0,10058985936751,10058985975674,10058987331828,10058987495597,10058987783212,10058992887058,10058993454058,10058997520443,10059004208212,3304000,488000,
0,10059001941449,10059001941449,9223372036854775807,0,10059002597597,10059002640905,10059005537674,10059006033443,10059006346443,10059006478674,10059006979135,10059009975366,10059022772674,7637000,374000,
0,10059018500947,10059018500947,9223372036854775807,0,10059024749212,10059024754597,10059025155751,10059025315289,10059025581289,10059025744597,10059026276751,10059029388289,10059037959135,4020000,618000,
0,10059035059813,10059035059813,9223372036854775807,0,10059036136751,10059036179443,10059036651059,10059036793289,10059037063212,10059038178366,10059038720443,10059041207443,10059053468674,9551000,349000,
0,10059051619117,10059051619117,9223372036854775807,0,10059052194905,10059052236520,10059064883443,10059065339597,10059066342520,10059066515366,10059067125751,10059070320905,10059073954520,308000,447000,
0,10059068178282,10059068178282,9223372036854775807,0,10059068737905,10059068777520,10059079327674,10059082026443,10059082754597,10059082930289,10059083707366,10059088168366,10059091431597,335000,435000,
0,10059084737257,10059084737257,9223372036854775807,0,10059085247982,10059085279674,10059086140905,10059086270289,10059086503366,10059091670059,10059092229443,10059095252212,10059103557674,5515000,1022000,
0,10059101296826,10059101296826,9223372036854775807,0,10059101861366,10059101902905,10059102392597,10059102549828,10059102823212,10059103752828,10059104266751,10059107396443,10059120228212,8628000,1457000,
0,10059117856176,10059117856176,9223372036854775807,0,10059119129828,10059119170597,10059120546366,10059120712135,10059121025212,10059121304443,10059121799905,10059124509366,10059136310212,7839000,485000,
0,10059134415519,10059134415519,9223372036854775807,0,10059135404212,10059135584059,10059135954520,10059136097135,10059136638059,10059136771905,10059137302135,10059141068520,10059153304212,8895000,451000,
0,10059150974835,10059150974835,10059130000000,10059133000000,10059151546059,10059152624059,10059152851135,10059153191674,10059153511751,10059153599443,10059154194059,10059156836289,10059170088059,9870000,317000,
0,10059167534270,10059167534270,10059158000000,10059158000000,10059168067828,10059168897289,10059169126520,10059169264212,10059169529674,10059170298289,10059170821135,10059174134135,10059187436982,9405000,1242000,
0,10059184093484,10059200660746,10059174000000,10059182000000,10059201256905,10059235976674,10059236046828,10059236608751,10059238514212,10059238676059,10059239298828,10059242574751,10059245974982,305000,442000,
0,10059250333228,10059250333228,10059241000000,10059241000000,10059250662059,10059251760443,10059251831828,10059251947059,10059252754597,10059252848520,10059253344674,10059256355597,10059259444289,215000,396000,
0,10059266892663,10059266892663,10059257000000,10059261892663,10059267302059,10059267984597,10059268049135,10059268163289,10059269487443,10059269639289,10059271013289,10059273703443,10059276246674,141000,315000,
0,10059283452028,10059283452028,10059273000000,10059278452028,10059283873520,10059284458135,10059284524982,10059284637520,10059286579366,10059286697674,10059293081443,10059296592905,10059298866135,140000,271000,
0,10059300011225,10059300011225,10059289000000,10059295011225,10059300419366,10059310798289,10059310856520,10059312980905,10059315039443,10059315156674,10059315897751,10059319944366,10059322564597,174000,342000,
0,10059316570764,10059316570764,9223372036854775807,0,10059316980135,10059317016289,10059317018366,10059317170135,10059319092289,10059322757905,10059323320135,10059327126597,10059337629751,7461000,1685000,
0,10059333116973,10059333116973,10059316000000,10059316000000,10059334743597,10059335470520,10059335553212,10059335684982,10059337618443,10059337802597,10059338386289,10059341763212,10059352095905,6296000,1127000,
0,10059349676496,10059349676496,10059342000000,10059342000000,10059350944212,10059368904982,10059368998751,10059369526597,10059372002135,10059372158289,10059372811289,10059377282289,10059384530751,204000,3248000,
0,10059366235786,10059366235786,9223372036854775807,0,10059380706443,10059380869289,10059380871751,10059381046366,10059387098366,10059387239828,10059387850212,10059391828443,10059396261212,201000,905000,
0,10059382795570,10059382795570,10059372000000,10059372000000,10059388694289,10059399248828,10059399307212,10059402673443,10059404462674,10059404610289,10059405343520,10059410473366,10059414763751,327000,329000,
0,10059399355551,10059399355551,9223372036854775807,0,10059407554366,10059407591751,10059407593674,10059407725674,10059409976674,10059414985289,10059415568597,10059420212751,10059425084751,242000,382000,
0,10059415915278,10059415915278,9223372036854775807,0,10059421410828,10059421445751,10059421787982,10059421913443,10059423556520,10059425294751,10059426913674,10059431352289,10059434769597,380000,322000,
0,10059432474927,10059432474927,9223372036854775807,0,10059432944520,10059432982289,10059433572520,10059433803905,10059435648982,10059435742597,10059437373982,10059441215982,10059450788597,6985000,275000,
0,10059449034584,10059449034584,9223372036854775807,0,10059449523059,10059449571289,10059449948366,10059450321751,10059451996828,10059452104135,10059453514751,10059457846982,10059467505212,7200000,323000,
0,10059465593208,10059465593208,9223372036854775807,0,10059466132674,10059466242443,10059466589212,10059466838597,10059471821751,10059471966982,10059472593828,10059477099520,10059484681366,841000,839000,
0,10059482152696,10059482152696,9223372036854775807,0,10059482521520,10059482545135,10059482749059,10059482828212,10059484212212,10059484784828,10059485092597,10059487266751,10059499822905,10266000,208000,
0,10059498712416,10059498712416,9223372036854775807,0,10059499116443,10059499154982,10059499528751,10059499674597,10059501991366,10059502046751,10059502322443,10059504337828,10059516688059,8884000,436000,
0,10059515272242,10059515272242,9223372036854775807,0,10059516553289,10059516655828,10059516962212,10059517034289,10059518077135,10059518139135,10059518409135,10059520565366,10059536121982,10102000,316000,
0,10059548391156,10059548391156,9223372036854775807,0,10059549219905,10059549354059,10059549609828,10059549741366,10059551951212,10059552030059,10059552291828,10059554149982,10059556284674,143000,231000,
0,10059564950910,10059564950910,10059544000000,10059546500000,10059565450059,10059566937212,10059567231212,10059567554366,10059569383212,10059569584059,10059570338520,10059573900674,10059576654366,193000,347000,
0,10059581510733,10059581510733,10059573000000,10059573000000,10059581977443,10059592947597,10059598973520,10059601633520,10059603801212,10059603919751,10059604566520,10059608027059,10059614099828,1659000,1939000,
0,10059598070270,10059614637532,10059598000000,10059598000000,10059617903212,10059618509751,10059618572982,10059618684135,10059619546828,10059619663443,10059620279366,10059625657982,10059634203905,6071000,356000,
0,10059631191335,10059631191335,10059623000000,10059623000000,10059632150135,10059632831366,10059634572828,10059634749289,10059635675520,10059635780443,10059636324751,10059640262597,10059649293366,6068000,322000,
0,10059647750875,10059647750875,10059639000000,10059642750875,10059648271059,10059650183059,10059650270059,10059650463828,10059651681905,10059651792059,10059652292212,10059655319828,10059665784751,7780000,301000,
0,10059664310726,10059664310726,10059655000000,10059659310726,10059664769674,10059666290443,10059666377905,10059666512289,10059667844366,10059667949135,10059670488520,10059674685059,10059682335982,5122000,436000,
0,10059680870326,10059680870326,10059671000000,10059675870326,10059681346828,10059695541597,10059695582828,10059695992828,10059697945059,10059706010443,10059706594443,10059709636443,10059717283135,3155000,678000,
0,10059697429910,10059697429910,9223372036854775807,0,10059707043059,10059707149135,10059707151443,10059707272289,10059708398366,10059717454520,10059717987443,10059732899982,10059737186520,529000,646000,
0,10059713989321,10059713989321,10059702000000,10059702000000,10059718191597,10059732671597,10059732949828,10059735143674,10059737761674,10059737881289,10059738742212,10059743336597,10059748703443,2764000,294000,
0,10059747109132,10059747109132,10059740000000,10059740000000,10059747543289,10059748309751,10059748404212,10059748564751,10059749616828,10059749751289,10059750343751,10059753408828,10059765220597,9248000,418000,
0,10059763668591,10059763668591,10059753000000,10059758668591,10059764129751,10059764908597,10059764999520,10059765142212,10059766194828,10059766315289,10059766831520,10059770153059,10059781664059,7894000,347000,
0,10059780227965,10059780227965,9223372036854775807,0,10059780689674,10059780724520,10059781181982,10059781333520,10059782295751,10059782437366,10059783018674,10059786552751,10059798230289,7532000,396000,
0,10059796787404,10059796787404,9223372036854775807,0,10059797242135,10059797279674,10059797663212,10059797812520,10059799101443,10059799242366,10059802027597,10059804861751,10059814749905,7221000,357000,
0,10059813346996,10059813346996,9223372036854775807,0,10059813800059,10059813837674,10059814369520,10059814533674,10059815787597,10059815943751,10059816454289,10059818867751,10059831496982,9735000,404000,
0,10059829906516,10059829906516,9223372036854775807,0,10059830354443,10059830392674,10059830920520,10059831093751,10059832536443,10059832669751,10059833337597,10059836613751,10059848482674,6971000,1724000,
0,10059846466059,10059846466059,9223372036854775807,0,10059846986674,10059847020828,10059847365135,10059847658366,10059849295597,10059849417212,10059850154751,10059852537828,10059865267059,9099000,553000,
0,10059863025138,10059863025138,9223372036854775807,0,10059863586135,10059863621751,10059872101520,10059875137597,10059877200751,10059877313597,10059877941366,10059881553366,10059884937135,343000,384000,
0,10059879584464,10059879584464,9223372036854775807,0,10059880635751,10059880678597,10059881043443,10059881197982,10059882649366,10059885150289,10059885608751,10059890275597,10059900545905,7392000,559000,
0,10059896143579,10059896143579,9223372036854775807,0,10059896736443,10059896803443,10059897197212,10059897328443,10059901404982,10059901534597,10059902110135,10059904873443,10059916426597,8151000,623000,
0,10059912702324,10059912702324,9223372036854775807,0,10059914082674,10059914112905,10059928206751,10059928679905,10059932714059,10059932836135,10059933378212,10059935845905,10059940250982,230000,392000,
0,10059929261666,10059929261666,10059915000000,10059919000000,10059933634289,10059934610905,10059934845520,10059935172443,10059936882982,10059940463674,10059941135135,10059944870982,10059951449366,193000,2295000,
0,10059945821041,10059945821041,10059940000000,10059940000000,10059946808597,10059947532597,10059947787828,10059947930905,10059949230443,10059951653597,10059952175289,10059954883828,10059965442520,6915000,432000,
0,10059962380186,10059962380186,10059953000000,10059957380186,10059963013289,10059973573443,10059973776674,10059976426135,10059978018059,10059978132905,10059978748905,10059984274597,10059990202905,387000,791000,
0,10059978939668,10059995506930,10059978000000,10059978000000,10059997607828,10059998312366,10059998497982,10059998638597,10059999259135,10059999371366,10059999827674,10060002415059,10060006181828,264000,550000,
0,10060012060235,10060012060235,10060003000000,10060003000000,10060012480212,10060021002366,10060021144135,10060021597366,10060023018828,10060023139366,10060023689443,10060027349905,10060030634905,350000,483000,
0,10060028619922,10060028619922,9223372036854775807,0,10060029147828,10060029332828,10060029657982,10060029844212,10060030795059,10060030856520,10060031362135,10060034016212,10060048005520,11555000,346000,
0,10060045180649,10060045180649,10060026000000,10060026000000,10060045676520,10060046369366,10060046560982,10060046699520,10060047728135,10060048193212,10060048650135,10060050991059,10060063799520,8741000,547000,
0,10060061740594,10060061740594,10060051000000,10060051000000,10060062223059,10060068178135,10060068378135,10060071271289,10060072523674,10060072639828,10060073267674,10060077501828,10060082538597,299000,310000,
0,10060078300278,10060078300278,10060073000000,10060073000000,10060079333828,10060079906366,10060094306135,10060094477905,10060095716212,10060095802289,10060096279289,10060100287905,10060104650751,251000,453000,
0,10060094859579,10060094859579,10060086000000,10060089859579,10060102122828,10060102663597,10060102666751,10060102791135,10060104273828,10060104865059,10060105429597,10060109809135,10060121138059,187000,1280000,
0,10060111418950,10060111418950,9223372036854775807,0,10060112814597,10060112948366,10060112950828,10060113089597,10060113578059,10060121397059,10060121829905,10060124534751,10060131218135,2025000,452000,
0,10060127978534,10060127978534,10060108000000,10060108000000,10060128575674,10060129200443,10060129208135,10060129366597,10060129987212,10060131501212,10060132007674,10060134771828,10060145996597,8636000,356000,
0,10060144538186,10060144538186,9223372036854775807,0,10060144994135,10060145029289,10060145030982,10060145174828,10060146145366,10060146208597,10060146632289,10060148976982,10060162467443,10035000,313000,
0,10060161097686,10060161097686,9223372036854775807,0,10060161548674,10060161585212,10060161586982,10060161732674,10060163241520,10060163400828,10060166167443,10060169641366,10060179769674,7616000,362000,
0,10060194207825,10060194207825,9223372036854775807,0,10060194756443,10060194792828,10060194794674,10060194933289,10060196390751,10060196538751,10060196998212,10060200418597,10060203925751,302000,1083000,
0,10060210767367,10060210767367,9223372036854775807,0,10060211307443,10060211343443,10060211345135,10060211496059,10060213065135,10060213221289,10060213713212,10060216777597,10060219632751,277000,387000,
0,10060227327013,10060227327013,9223372036854775807,0,10060227834597,10060227870597,10060227872520,10060228022212,10060229408982,10060229543212,10060230089982,10060233170212,10060239049828,336000,3236000,
0,10060243886846,10060243886846,9223372036854775807,0,10060244367443,10060244402674,10060244404289,10060244651135,10060246581828,10060246646520,10060246900135,10060249373366,10060252912520,1214000,351000,
0,10060260446935,10060260446935,9223372036854775807,0,10060261198751,10060261224751,10060261226212,10060261311674,10060261956366,10060262024597,10060262223828,10060263874443,10060266083520,146000,243000,
0,10060277007107,10060277007107,9223372036854775807,0,10060277688905,10060277714674,10060277716212,10060277799212,10060279230982,10060279371212,10060279876366,10060283465366,10060286618828,241000,352000,
0,10060293567285,10060293567285,9223372036854775807,0,10060294052289,10060294096366,10060294098366,10060294421135,10060296113828,10060296275443,10060296789212,10060299367366,10060302755135,210000,380000,
0,10060310126934,10060310126934,9223372036854775807,0,10060310623828,10060310660059,10060310661674,10060310938366,10060312985828,10060313102289,10060313572135,10060316522674,10060319687212,330000,654000,
0,10060326686755,10060326686755,9223372036854775807,0,10060327587136,10060327625212,10060327627443,10060327772828,10060329204674,10060329355212,10060329748059,10060333493674,10060336455828,182000,683000,
0,10060343246701,10060343246701,9223372036854775807,0,10060344070366,10060344106905,10060344108520,10060344250289,10060345346212,10060345405443,10060345624828,10060347226212,10060349460520,143000,255000,
0,10060359806761,10060359806761,9223372036854775807,0,10060360590905,10060360628674,10060360630751,10060360775366,10060362020520,10060362087212,10060362304597,10060363899059,10060366085982,142000,237000,
0,10060376366888,10060376366888,9223372036854775807,0,10060377251751,10060377288982,10060377291136,10060377489212,10060379489597,10060379627289,10060380186366,10060383406443,10060386071289,170000,339000,
0,10060392920201,10060392920201,9223372036854775807,0,10060393845674,10060393881212,10060393883059,10060394020059,10060395667059,10060395807136,10060396270597,10060398738136,10060401570212,178000,346000,
0,10060409480412,10060409480412,9223372036854775807,0,10060409927289,10060409963136,10060409964751,10060410184828,10060411782059,10060411920597,10060412410059,10060415004597,10060417498751,146000,289000,
0,10060426040459,10060426040459,9223372036854775807,0,10060426571597,10060426610059,10060426612136,10060427049828,10060428702674,10060428822520,10060429303289,10060432520597,10060435645905,175000,736000,
0,10060442600461,10060442600461,9223372036854775807,0,10060443099751,10060443138059,10060443175982,10060443541828,10060445124212,10060445242982,10060445717828,10060448365443,10060451146905,261000,415000,
0,10060459160661,10060459160661,9223372036854775807,0,10060459659059,10060459733366,10060459736828,10060460335443,10060461622289,10060461784751,10060462260059,10060464871212,10060467388136,193000,320000,
0,10060475720827,10060475720827,9223372036854775807,0,10060476212597,10060476400059,10060476403289,10060476670443,10060477854520,10060477962443,10060478387982,10060481149059,10060483636982,243000,306000,
0,10060492280956,10060492280956,9223372036854775807,0,10060492790751,10060492862136,10060492866674,10060493242828,10060494117443,10060494241674,10060494637828,10060496835751,10060499343136,150000,299000,
0,10060508841057,10060508841057,9223372036854775807,0,10060509328059,10060509366212,10060509368443,10060509777905,10060511210443,10060511363136,10060511763366,10060513978751,10060516529751,221000,394000,
0,10060525400979,10060525400979,9223372036854775807,0,10060526075982,10060526435597,10060526442982,10060526638136,10060527490828,10060527615212,10060527998520,10060530328212,10060533292597,334000,356000,
0,10060541960642,10060541960642,9223372036854775807,0,10060542777289,10060542815366,10060542817289,10060543069059,10060544403597,10060544541443,10060545071136,10060547421828,10060551532905,521000,374000,
0,10060558520267,10060558520267,9223372036854775807,0,10060559209212,10060559558366,10060559565059,10060559763212,10060561367520,10060561503520,10060562050674,10060566143520,10060569206212,393000,339000,
0,10060575079936,10060575079936,9223372036854775807,0,10060575755674,10060575793366,10060575795443,10060576283674,10060577141751,10060577269597,10060577656212,10060579865982,10060582906443,336000,354000,
0,10060591639663,10060591639663,9223372036854775807,0,10060592297982,10060592661289,10060592667905,10060592860059,10060593717443,10060593844905,10060594236443,10060596460212,10060599476751,387000,360000,
0,10060608199451,10060608199451,9223372036854775807,0,10060610154059,10060610189597,10060610191212,10060610352212,10060610956366,10060611091212,10060611617982,10060613839443,10060618347982,423000,1198000,
0,10060624759714,10060624759714,9223372036854775807,0,10060639857059,10060639891289,10060639893597,10060640083289,10060640900905,10060641040443,10060641792674,10060648046751,10060651237366,297000,501000,
0,10060641319639,10060641319639,9223372036854775807,0,10060642062520,10060642094289,10060642096982,10060642229674,10060642716751,10060651434059,10060651878136,10060656015751,10060661347674,1052000,884000,
0,10060657878917,10060657878917,9223372036854775807,0,10060658873366,10060658911136,10060658913289,10060659068520,10060661434136,10060661585674,10060662295366,10060670262059,10060679343059,218000,1811000,
0,10060674437671,10060674437671,9223372036854775807,0,10060677445751,10060677688212,10060677690674,10060677859520,10060682008905,10060682115212,10060682533520,10060684923982,10060693774828,6222000,268000,
0,10060690996842,10060690996842,9223372036854775807,0,10060691850212,10060692011905,10060692014905,10060692159674,10060694122828,10060694199597,10060694624905,10060696915212,10060709325136,9637000,429000,
0,10060707556929,10060707556929,9223372036854775807,0,10060709615520,10060709657520,10060709659059,10060709807443,10060710460443,10060710564828,10060711000828,10060713087366,10060725670212,8622000,869000,
0,10060740677211,10060740677211,9223372036854775807,0,10060741283059,10060741320443,10060741322136,10060741671366,10060741880366,10060742029674,10060742438059,10060744900136,10060749318674,405000,318000,
