0,309986669478824,309986669478824,309986662000000,309986664478824,309986669897322,309986670890553,309986670996937,309986671249630,309986673822245,309986673941553,309986674490860,309986677783014,309986680350091,
0,309986686191199,309986686191199,309986678000000,309986681191199,309986686637706,309986687583168,309986687690476,309986687961014,309986690210014,309986690381322,309986690936553,309986694741014,309986696932860,
0,309986702904456,309986702904456,309986693000000,309986697904456,309986703295937,309986704328014,309986704437014,309986704741399,309986707232014,309986707363168,309986707902783,309986711085783,309986713197476,
0,309986719617750,309986719617750,309986709000000,309986714617750,309986720025245,309986725480091,309986725564014,309986726123783,309986728152937,309986728256553,309986728829399,309986731877860,309986734326168,
0,309986736330491,309986736330491,9223372036854775807,0,309986736942399,309986736980860,309986737604553,309986737891399,309986739867168,309986739990783,309986740611783,309986743751476,309986745358399,
0,309986753043580,309986753043580,9223372036854775807,0,309986753438091,309986753473476,309986753923014,309986754191014,309986755636706,309986755745476,309986756238630,309986758407322,309986760269014,
0,309986769756858,309986769756858,9223372036854775807,0,309986770132091,309986770165322,309986771120630,309986771567322,309986772998091,309986773094014,309986773534091,309986775837322,309986777864553,
0,309986786470128,309986786470128,9223372036854775807,0,309986786850322,309986786884399,309986787157553,309986787238168,309986788749783,309986788858014,309986789288245,309986791329783,309986793020783,
0,309986803183385,309986803183385,9223372036854775807,0,309986803546553,309986803581168,309986804109245,309986804205014,309986805701476,309986805805399,309986806229091,309986808673245,309986810561245,
0,309986819896403,309986819896403,9223372036854775807,0,309986820278091,309986820312091,309986820314399,309986820395630,309986821821553,309986821927476,309986822383399,309986824787553,309986826834091,
0,309986836609475,309986836609475,9223372036854775807,0,309986836996245,309986837031014,309986837033322,309986837115322,309986838587399,309986838696476,309986839127860,309986841466706,309986843533322,
0,309986853322654,309986853322654,9223372036854775807,0,309986853718553,309986853753937,309986853756399,309986853869245,309986856952168,309986857072630,309986857593937,309986861058168,309986862967553,
0,309986870035724,309986870035724,309986863000000,309986865035724,309986870397937,309986871318937,309986871324860,309986871419091,309986872955245,309986873065860,309986873479553,309986875770091,309986877419860,
0,309986886748798,309986886748798,309986876000000,309986881748798,309986887127245,309986894405937,309986894431706,309986897409014,309986898794168,309986898885706,309986899404553,309986906018783,309986908317322,
0,309986903462063,309986903462063,9223372036854775807,0,309986903823014,309986903960630,309986903962937,309986904134399,309986905121630,309986908742860,309986909154091,309986911326168,309986913477706,
0,309986920175327,309986920175327,309986899000000,309986899000000,309986920554245,309986921594322,309986921688168,309986921928476,309986922904860,309986923004706,309986923420937,309986925652553,309986927703630,
0,309986936888568,309986936888568,309986926000000,309986926000000,309986937241476,309986938689245,309986938772630,309986939067706,309986940180706,309986940270245,309986940695937,309986943858091,309986946174937,
0,309986953601839,309986953601839,309986943000000,309986948601839,309986953979322,309986955830783,309986955901783,309986958400014,309986959444322,309986959538168,309986960055399,309986965726706,309986967579476,
0,309986970314938,309986970314938,309986961000000,309986965314938,309986970688553,309986971866014,309986971974937,309986972356706,309986972897168,309986972994245,309986973418399,309986975579783,309986977203245,
0,309986987028135,309986987028135,309986977000000,309986982028135,309986987404860,309986988700091,309986988804014,309986989111476,309986989561091,309986989691091,309986990155630,309986993273322,309986995522322,
0,309987003741359,309987003741359,309986994000000,309986998741359,309987004212245,309987005800168,309987006078630,309987006363168,309987006928322,309987007038322,309987007509014,309987012068168,309987015304706,
0,309987020454332,309987020454332,309987012000000,309987015454332,309987020844091,309987022156168,309987022260091,309987022515937,309987023118399,309987023508706,309987023946553,309987026840860,309987028772322,
0,309987037167493,309987037167493,309987027000000,309987032167493,309987037554091,309987038829168,309987038932706,309987039173553,309987039743860,309987039891937,309987040394399,309987043676706,309987045477937,
0,309987053880176,309987053880176,9223372036854775807,0,309987061612014,309987061630399,309987062217399,309987065992322,309987067876553,309987067999399,309987068562783,309987073791553,309987075981630,
0,309987070592457,309987070592457,9223372036854775807,0,309987071244399,309987071281399,309987071897399,309987072356783,309987073279091,309987076915168,309987077458322,309987080387783,309987082369399,
0,309987087305182,309987087305182,9223372036854775807,0,309987087711014,309987087746399,309987088366091,309987088578399,309987089456783,309987089569860,309987090062553,309987093061168,309987095002322,
0,309987104018443,309987104018443,9223372036854775807,0,309987104395476,309987104431553,309987104923476,309987105154783,309987106269937,309987106374399,309987106814630,309987109543322,309987111453322,
0,309987120731649,309987120731649,9223372036854775807,0,309987121086322,309987121121706,309987121633860,309987121854399,309987122894783,309987123004245,309987123449168,309987126162245,309987128064937,
0,309987137444773,309987137444773,9223372036854775807,0,309987137829168,309987137864783,309987138374168,309987138595706,309987139676860,309987139786245,309987140279014,309987142864553,309987144714399,
0,309987154157883,309987154157883,9223372036854775807,0,309987154538014,309987154573245,309987155060553,309987155416706,309987156591322,309987156697014,309987157141091,309987159716706,309987161629014,
0,309987170870507,309987170870507,9223372036854775807,0,309987171328860,309987171364168,309987171894630,309987172203476,309987173131630,309987173251245,309987173769553,309987176706783,309987178767860,
0,309987187583204,309987187583204,9223372036854775807,0,309987187993860,309987188161476,309987188573091,309987188866937,309987192149706,309987192275168,309987192767168,309987195650860,309987197829168,
0,309987204296321,309987204296321,309987184000000,309987185500000,309987204674014,309987205431630,309987205837091,309987206304245,309987207477091,309987207580630,309987208056091,309987210936630,309987213125091,
0,309987221009427,309987221009427,309987210000000,309987210000000,309987221396091,309987222262091,309987222629014,309987222952245,309987224176168,309987224287399,309987224744091,309987227742091,309987229834937,
0,309987237722407,309987237722407,309987227000000,309987232722407,309987238089937,309987238973706,309987239395322,309987239685860,309987240969168,309987241083553,309987241531245,309987244656553,309987247017706,
0,309987254435540,309987254435540,309987244000000,309987249435540,309987254825783,309987255760014,309987256198630,309987256469706,309987257683553,309987257801937,309987258283091,309987262168168,309987264238553,
0,309987271148559,309987271148559,309987260000000,309987266148559,309987271541630,309987272508091,309987272911168,309987273206091,309987274499168,309987274610553,309987275079706,309987278373322,309987280354322,
0,309987287861662,309987287861662,309987277000000,309987282861662,309987288260399,309987289035322,309987289126553,309987289376245,309987290418630,309987290522399,309987290980860,309987294212553,309987296571014,
0,309987304571022,309987304571022,309987294000000,309987299571022,309987305226553,309987306227937,309987306663399,309987306964476,309987308242091,309987308369553,309987308904091,309987314449553,309987316771783,
0,309987321283804,309987321283804,309987311000000,309987316283804,309987321702322,309987322673553,309987322777783,309987323031706,309987324600783,309987324714168,309987325216168,309987329847322,309987332209860,
0,309987337996660,309987337996660,309987328000000,309987332996660,309987338411706,309987339470860,309987339577706,309987339822014,309987342580091,309987342705860,309987343261937,309987347800553,309987350266937,
0,309987354709412,309987354709412,309987346000000,309987349709412,309987355118860,309987356093630,309987356201014,309987356456322,309987357924399,309987358083014,309987358625399,309987363041014,309987365867553,
0,309987371422044,309987371422044,9223372036854775807,0,309987371881937,309987371919630,309987371921860,309987372083322,309987373611630,309987373757399,309987374339322,309987377976322,309987379385168,
0,309987388134903,309987388134903,9223372036854775807,0,309987388538630,309987388574091,309987389027783,309987389290783,309987390373168,309987390484630,309987390948937,309987393830630,309987395703783,
0,309987404847944,309987404847944,9223372036854775807,0,309987405235783,309987405271399,309987405817706,309987406065322,309987407349937,309987407453937,309987407912322,309987411127476,309987413152553,
0,309987421561030,309987421561030,9223372036854775807,0,309987421942399,309987421977937,309987422481399,309987422745168,309987424287168,309987424388476,309987424848245,309987427843091,309987429818783,
0,309987438273984,309987438273984,9223372036854775807,0,309987438667245,309987438702860,309987439149783,309987439399860,309987440563399,309987440671014,309987441146476,309987444700783,309987446496091,
0,309987454986930,309987454986930,9223372036854775807,0,309987455378476,309987455414014,309987455884245,309987456218860,309987457259706,309987457365630,309987457855706,309987461158014,309987463145937,
0,309987471699909,309987471699909,9223372036854775807,0,309987472161783,309987472196168,309987472602245,309987472794322,309987473671168,309987473774706,309987474208860,309987477624706,309987480354860,
0,309987488412836,309987488412836,9223372036854775807,0,309987488774014,309987488808860,309987489277399,309987489619630,309987490650706,309987490759937,309987491212476,309987498253706,309987501217168,
0,309987505125794,309987505125794,9223372036854775807,0,309987505478014,309987505631322,309987506034860,309987506296937,309987507573014,309987507695783,309987508235014,309987511049168,309987513015706,
0,309987521838784,309987521838784,309987501000000,309987503000000,309987522224783,309987522997860,309987523309091,309987523728706,309987524756245,309987524857245,309987525319783,309987529985860,309987533167168,
0,309987538551739,309987538551739,309987528000000,309987528000000,309987538953245,309987539703706,309987540076245,309987540368553,309987541241553,309987541343783,309987541808476,309987545098091,309987547136553,
0,309987555264700,309987555264700,309987544000000,309987550264700,309987555659860,309987556534245,309987556862937,309987557152322,309987558096014,309987558198783,309987558653014,309987561928553,309987563945399,
0,309987571977717,309987571977717,309987561000000,309987566977717,309987572347937,309987573231860,309987573541937,309987573813168,309987574776168,309987574879630,309987575363630,309987578566630,309987580886706,
0,309987588690742,309987588690742,309987578000000,309987583690742,309987589071783,309987589913091,309987590026630,309987590379168,309987591351783,309987591473322,309987591955630,309987596276476,309987598620630,
0,309987605403775,309987605403775,309987595000000,309987600403775,309987605770553,309987606708706,309987606817091,309987607143399,309987608283860,309987608400399,309987608855476,309987612119476,309987614408630,
0,309987622116821,309987622116821,309987611000000,309987617116821,309987622492783,309987623385553,309987623481630,309987623705168,309987624795937,309987625242630,309987625747937,309987630741476,309987633375245,
0,309987638829764,309987638829764,309987628000000,309987633829764,309987639211706,309987640169937,309987640277476,309987640519783,309987641459706,309987641592860,309987642169860,309987646642091,309987649008860,
0,309987655542647,309987655542647,309987645000000,309987650542647,309987655941014,309987656819937,309987656922937,309987657174168,309987658156706,309987658412014,309987658937476,309987664071706,309987666448860,
0,309987672255435,309987672255435,309987662000000,309987667255435,309987672670091,309987673489476,309987673591014,309987673850014,309987674851476,309987674986399,309987675508553,309987680210706,309987682955168,
0,309987688967993,309987688967993,9223372036854775807,0,309987689408399,309987689446476,309987689448860,309987689537630,309987690663783,309987690804322,309987691263245,309987693267783,309987694989706,
0,309987705680935,309987705680935,9223372036854775807,0,309987706073168,309987706108399,309987706487322,309987706747091,309987707728476,309987707830553,309987708360783,309987710885014,309987713198783,
0,309987722393934,309987722393934,9223372036854775807,0,309987722758860,309987722793091,309987723259245,309987723515783,309987724548091,309987724651630,309987725122091,309987727742937,309987729761476,
0,309987739106838,309987739106838,9223372036854775807,0,309987739485706,309987739520783,309987739863014,309987740161783,309987740920245,309987741026014,309987741505014,309987744119168,309987746060399,
0,309987755819752,309987755819752,9223372036854775807,0,309987756226322,309987756260553,309987756630937,309987756861630,309987757724860,309987757818630,309987758290860,309987760824783,309987762682860,
0,309987772532352,309987772532352,9223372036854775807,0,309987772931860,309987772966245,309987773316860,309987773546706,309987774416091,309987774514245,309987774956399,309987777475937,309987779252014,
0,309987789245312,309987789245312,9223372036854775807,0,309987789630091,309987789665014,309987790086168,309987790321245,309987791244553,309987791395860,309987791882168,309987794876476,309987797070553,
0,309987805958255,309987805958255,9223372036854775807,0,309987806383476,309987806421553,309987806831783,309987807314168,309987808455860,309987808575937,309987809024245,309987812723630,309987814838860,
0,309987822671177,309987822671177,309987812000000,309987813500000,309987823057630,309987823854014,309987824217937,309987824693476,309987825619245,309987825727630,309987826174322,309987829300783,309987831465399,
0,309987839384253,309987839384253,309987829000000,309987834384253,309987839762937,309987840625783,309987840803168,309987841008706,309987841670630,309987841777706,309987842291399,309987845782322,309987847924476,
0,309987856097225,309987856097225,309987845000000,309987851097225,309987856475476,309987857383553,309987857639860,309987857926860,309987858976322,309987859084014,309987859542630,309987862433937,309987864748553,
0,309987872810227,309987872810227,309987862000000,309987867810227,309987873182553,309987874033937,309987874298091,309987874547630,309987875590245,309987875699091,309987876225706,309987879131245,309987881370014,
0,309987889523257,309987889523257,309987879000000,309987884523257,309987889894630,309987890792553,309987891071245,309987891330860,309987892532168,309987892661707,309987893118783,309987896098553,309987898069091,
0,309987906236277,309987906236277,309987896000000,309987901236277,309987906601322,309987907526707,309987907639860,309987907976322,309987909045245,309987909159014,309987909674322,309987912473707,309987914572168,
0,309987922949283,309987922949283,309987912000000,309987917949283,309987923317014,309987924218322,309987924327707,309987924581553,309987926605860,309987926719091,309987927231476,309987934070014,309987937392860,
0,309987939661929,309987939661929,309987930000000,309987934661929,309987940176553,309987941016937,309987941116322,309987941355937,309987942342014,309987942508014,309987943026707,309987947223630,309987949547783,
0,309987956374616,309987956374616,309987948000000,309987951374616,309987956767476,309987957571860,309987957750245,309987958107553,309987959020476,309987959151707,309987959658014,309987963880245,309987966652860,
0,309987973087352,309987973087352,309987963000000,309987968087352,309987973511860,309987975461630,309987975580783,309987975833014,309987976765937,309987976892399,309987977403014,309987981277322,309987987336091,
0,309987989799825,309987989799825,9223372036854775807,0,309987990647245,309987990684091,309987990686630,309987990779860,309987998902245,309987999001476,309987999504860,309988001986245,309988004968091,
0,309988006512298,309988006512298,9223372036854775807,0,309988006912860,309988006948399,309988007235860,309988007585553,309988008264322,309988008408091,309988008843014,309988011396168,309988014168014,
0,309988023224807,309988023224807,9223372036854775807,0,309988023610630,309988023644476,309988023957630,309988024224091,309988024868937,309988024976476,309988025497783,309988028569399,309988030737860,
0,309988039937323,309988039937323,9223372036854775807,0,309988040323937,309988040358553,309988040682245,309988040926399,309988041598783,309988041722168,309988042215707,309988045215553,309988047387091,
0,309988056649916,309988056649916,9223372036854775807,0,309988057055707,309988057089937,309988057391630,309988057624014,309988058640937,309988058757476,309988059241322,309988062609091,309988064873322,
0,309988073362274,309988073362274,9223372036854775807,0,309988073763245,309988073798399,309988074137476,309988074380399,309988075082245,309988075196168,309988075748553,309988079806630,309988081888091,
0,309988090074810,309988090074810,9223372036854775807,0,309988090499168,309988090534630,309988090996245,309988091302014,309988092243783,309988092379553,309988092875553,309988095353476,309988097609860,
0,309988106787393,309988106787393,9223372036854775807,0,309988107183399,309988107219322,309988107669476,309988108269630,309988109081860,309988109243707,309988109779553,309988114308630,309988117163245,
0,309988123500120,309988123500120,309988116000000,309988118000000,309988123877553,309988124697476,309988124914783,309988125267937,309988125891860,309988126081860,309988126593783,309988130056860,309988132777245,
0,309988140212863,309988140212863,309988130000000,309988135212863,309988140595014,309988141412399,309988141772860,309988142028707,309988142882399,309988143005937,309988143540860,309988147761937,309988150094014,
0,309988156925711,309988156925711,309988146000000,309988151925711,309988157324399,309988158137245,309988158381322,309988158632783,309988159343168,309988159479707,309988160047860,309988163108553,309988165405553,
0,309988173638547,309988173638547,309988163000000,309988168638547,309988174009707,309988174616091,309988174743399,309988174924630,309988175351322,309988175454630,309988175974168,309988179811322,309988182080245,
0,309988190351164,309988190351164,309988179000000,309988185351164,309988190751476,309988191611014,309988209195245,309988242753091,309988247049399,309988247203553,309988249013091,309988295214476,309988298927399,
0,309988207063459,309988257281065,309988196000000,309988204000000,309988259458091,309988260301091,309988260848322,309988263189476,309988264458860,309988300066168,309988300622168,309988305799783,309988311614860,
0,309988273703830,309988307182234,309988268000000,309988268000000,309988312315937,309988312869168,309988314969014,309988318213091,309988319473553,309988319601553,309988320247860,309988330247783,309988337103707,
0,309988323850547,309988323850547,309988318000000,309988318000000,309988333836399,309988334587783,309988334969937,309988335100168,309988335610322,309988338119168,309988338598168,309988343271399,309988349661322,
0,309988340551452,309988340551452,9223372036854775807,0,309988345184630,309988345248707,309988345817937,309988345945476,309988346760168,309988350989860,309988351418399,309988355617553,309988359454399,
0,309988357267001,309988357267001,309988341000000,309988341000000,309988357730783,309988358627937,309988358975630,309988359081630,309988359658476,309988362560399,309988364481860,309988367627630,309988369930860,
0,309988373982719,309988373982719,9223372036854775807,0,309988374372322,309988374536014,309988374816860,309988374899399,309988375529399,309988375654860,309988376165091,309988379913399,309988382679399,
0,309988390697976,309988390697976,309988369000000,309988369000000,309988391190245,309988391728783,309988392081783,309988392172707,309988392977783,309988393094553,309988393549783,309988397636399,309988401973476,
0,309988407413370,309988407413370,9223372036854775807,0,309988407861553,309988407898322,309988408380630,309988408476937,309988409639014,309988411404553,309988413662937,309988416497245,309988419777937,
0,309988424129256,309988424129256,9223372036854775807,0,309988424511707,309988424546476,309988426694091,309988426865322,309988427540245,309988427628630,309988428091091,309988431407630,309988433306091,
0,309988440845055,309988440845055,9223372036854775807,0,309988441238399,309988441273014,309988441610860,309988441690783,309988442674937,309988442854091,309988444306245,309988447665783,309988449303783,
0,309988457560975,309988457560975,9223372036854775807,0,309988457955091,309988457991245,309988458358399,309988458446091,309988459435860,309988459556553,309988459995168,309988462851553,309988465193245,
0,309988474276617,309988474276617,9223372036854775807,0,309988474674322,309988474710168,309988475085014,309988475174322,309988476182707,309988476298860,309988476786783,309988479892476,309988481847168,
0,309988490992374,309988490992374,9223372036854775807,0,309988491390783,309988491425937,309988491804630,309988491888707,309988492806860,309988492931860,309988493412245,309988496754091,309988498641322,
0,309988507708078,309988507708078,9223372036854775807,0,309988508099476,309988508135322,309988508567245,309988508654707,309988509593399,309988509695245,309988510123168,309988512847322,309988514663091,
0,309988524423799,309988524423799,9223372036854775807,0,309988524816476,309988524851245,309988526732245,309988526840399,309988527691476,309988527787091,309988528246476,309988530293783,309988532117091,
0,309988541139502,309988541139502,9223372036854775807,0,309988541518091,309988541553014,309988541555168,309988541639014,309988542725091,309988542828014,309988543263707,309988545067014,309988546786399,
0,309988557855122,309988557855122,9223372036854775807,0,309988558237630,309988558276322,309988558279014,309988558370937,309988559562707,309988559680091,309988560189322,309988562120245,309988563973322,
0,309988574570483,309988574570483,9223372036854775807,0,309988574974937,309988575010322,309988575012399,309988575095168,309988576249245,309988576374553,309988576771937,309988578442168,309988580311630,
0,309988591285826,309988591285826,9223372036854775807,0,309988591699783,309988591734476,309988591736783,309988591821630,309988592967476,309988593072168,309988593486783,309988595147476,309988596795630,
0,309988608001351,309988608001351,9223372036854775807,0,309988608393322,309988608429630,309988608431707,309988608515630,309988609592091,309988609693630,309988610121091,309988612104937,309988613815168,
0,309988624716825,309988624716825,9223372036854775807,0,309988625109937,309988625146476,309988625148860,309988625233322,309988626555168,309988626666322,309988627084322,309988629257476,309988631035937,
0,309988641432064,309988641432064,9223372036854775807,0,309988641842091,309988641877322,309988641879937,309988641963630,309988643075245,309988643190245,309988643588553,309988645321937,309988647168091,
0,309988658147335,309988658147335,9223372036854775807,0,309988658558168,309988658594014,309988658596322,309988658687091,309988659632860,309988659730630,309988660193476,309988661812399,309988663460322,
0,309988674862636,309988674862636,9223372036854775807,0,309988675254937,309988675290168,309988675292399,309988675375937,309988676358860,309988676458630,309988676846707,309988678008245,309988679633014,
0,309988691577915,309988691577915,9223372036854775807,0,309988691956783,309988691992399,309988691994630,309988692154707,309988692844399,309988692939937,309988693373091,309988694546630,309988696334014,
0,309988708293236,309988708293236,9223372036854775807,0,309988708671168,309988708706322,309988708708707,309988708792937,309988709430707,309988709525322,309988709905630,309988710907476,309988712540783,
0,309988725008527,309988725008527,9223372036854775807,0,309988725382630,309988725417553,309988725420014,309988725501476,309988726122707,309988726216707,309988726602783,309988727602014,309988729279476,
0,309988741723719,309988741723719,9223372036854775807,0,309988742101707,309988742137322,309988742139553,309988742222630,309988742588860,309988742692014,309988743062707,309988744073399,309988745793322,
