0,22073223262385,22073223262385,9223372036854775807,0,22073224047314,22073224076699,22073224522776,22073224698699,22073224926160,22073225099314,22073226095468,22073232419083,22073235985853,
0,22073239995339,22073239995339,9223372036854775807,0,22073240542622,22073240571699,22073241012468,22073241170083,22073241378776,22073241459545,22073241892160,22073249979699,22073251204776,
0,22073256727424,22073256727424,9223372036854775807,0,22073257424314,22073257455006,22073258227314,22073258465083,22073258653314,22073258726622,22073259127237,22073268618237,22073273019006,
0,22073273460351,22073273460351,9223372036854775807,0,22073274062391,22073274119006,22073278191006,22073278853853,22073281029237,22073281084237,22073281354083,22073285337853,22073288680853,
0,22073290191761,22073290191761,9223372036854775807,0,22073290862237,22073290895083,22073291408929,22073291574006,22073291796468,22073291855853,22073292338391,22073297443622,22073300556083,
0,22073306923550,22073306923550,22073299000000,22073301500000,22073307523853,22073308795622,22073309031622,22073309372468,22073309704929,22073309787699,22073310192391,22073313116314,22073316307160,
0,22073323655890,22073323655890,22073314000000,22073318655890,22073324210006,22073325247468,22073325418083,22073325603853,22073325789160,22073325856006,22073326238468,22073328907929,22073332060699,
0,22073340388942,22073340388942,22073330000000,22073335388942,22073340905314,22073342769622,22073342922622,22073343143006,22073344116776,22073344242468,22073344788083,22073355343006,22073360469545,
0,22073357121734,22073357121734,22073348000000,22073352121734,22073357688160,22073358305929,22073358583468,22073358697776,22073358889545,22073360686468,22073360879929,22073363878853,22073364755853,
0,22073373854532,22073373854532,22073363000000,22073368854532,22073374539853,22073375234237,22073375392699,22073375520929,22073375746853,22073375834929,22073376395160,22073381091391,22073384358545,
0,22073390587269,22073390587269,22073380000000,22073385587269,22073391143083,22073391811699,22073391970699,22073392122699,22073392340314,22073392410929,22073392850237,22073395850622,22073398944006,
0,22073407320197,22073407320197,22073397000000,22073402320197,22073407886468,22073409248391,22073409635699,22073409938237,22073410341776,22073410613853,22073411835776,22073419240699,22073423266776,
0,22073424052916,22073424052916,22073414000000,22073419052916,22073424596468,22073425633622,22073425833006,22073426095083,22073426356776,22073426415545,22073426932853,22073430028699,22073431081622,
0,22073440785868,22073440785868,22073431000000,22073435785868,22073441620699,22073445217622,22073445439468,22073445737929,22073447173314,22073447318622,22073448644006,22073456758237,22073460248006,
0,22073457507725,22073457507725,22073450000000,22073452507725,22073458863776,22073459934314,22073460209237,22073460365314,22073460691237,22073460728929,22073460961622,22073468694622,22073469742083,
0,22073474239520,22073474239520,9223372036854775807,0,22073474819160,22073474850391,22073476789929,22073477050083,22073477439160,22073477486468,22073477690853,22073483243160,22073486640160,
0,22073490972326,22073490972326,9223372036854775807,0,22073492637853,22073492649853,22073492803622,22073492978391,22073493145545,22073493230468,22073493629699,22073498215929,22073501123622,
0,22073507704949,22073507704949,22073492000000,22073493500000,22073508242083,22073510188699,22073510387776,22073510828699,22073511135083,22073511240006,22073511780391,22073517680391,22073518716314,
0,22073524437811,22073524437811,22073515000000,22073515000000,22073524934314,22073525563391,22073525749160,22073525870083,22073526096314,22073526146160,22073526524929,22073530065006,22073533083776,
0,22073541171019,22073541171019,22073530000000,22073536171019,22073541657699,22073543593853,22073543748929,22073543965160,22073544900622,22073544982545,22073545456929,22073550761622,22073554519468,
0,22073557903859,22073557903859,22073549000000,22073552903859,22073558387391,22073558960776,22073559305468,22073559514929,22073559846083,22073559889699,22073560146083,22073565301314,22073568906083,
0,22073574636934,22073574636934,22073564000000,22073569636934,22073575093545,22073575630545,22073575774237,22073575891699,22073576115545,22073576192929,22073576616699,22073579451083,22073582602699,
0,22073591369842,22073591369842,22073580000000,22073586369842,22073591911699,22073592611006,22073592772391,22073592902545,22073593123006,22073593201083,22073593645083,22073600194083,22073603733083,
0,22073608102696,22073608102696,22073597000000,22073603102696,22073608579083,22073609207929,22073609353314,22073609479853,22073609682160,22073609795468,22073610472622,22073618116237,22073623385083,
0,22073624835555,22073624835555,22073614000000,22073619835555,22073625349853,22073626686006,22073626869545,22073627100391,22073627311391,22073627397006,22073627925391,22073636291237,22073637197468,
0,22073641567862,22073641567862,22073631000000,22073636567862,22073642514006,22073644576468,22073644731468,22073644949391,22073645909006,22073646195853,22073646614314,22073652391237,22073656107929,
0,22073658299634,22073658299634,22073650000000,22073653299634,22073658833468,22073659406545,22073659561160,22073659667083,22073659848929,22073659910160,22073660342929,22073663142391,22073668212006,
0,22073675032472,22073675032472,9223372036854775807,0,22073675556468,22073675596237,22073677302776,22073677612776,22073678029314,22073678135699,22073678574006,22073682084853,22073684961622,
0,22073691764708,22073691764708,9223372036854775807,0,22073692337160,22073692366237,22073692771622,22073692928776,22073693148853,22073693226929,22073693666083,22073696796160,22073700042391,
0,22073708497533,22073708497533,9223372036854775807,0,22073709042853,22073709076853,22073709553622,22073709724929,22073709957545,22073710042776,22073710508929,22073716949314,22073720498237,
0,22073725228753,22073725228753,9223372036854775807,0,22073725882622,22073725905160,22073726255006,22073726389237,22073726560160,22073726629237,22073727043237,22073733596468,22073737107083,
0,22073741959870,22073741959870,9223372036854775807,0,22073742623083,22073742649545,22073743087545,22073743265699,22073743472622,22073743559853,22073744046929,22073749150929,22073752234545,
0,22073758693170,22073758693170,9223372036854775807,0,22073759339776,22073759369006,22073760248776,22073760507083,22073760727160,22073760904468,22073762120468,22073772062314,22073773154545,
0,22073775426034,22073775426034,9223372036854775807,0,22073776024776,22073776058699,22073778585468,22073778939545,22073779227776,22073779337929,22073779919083,22073786279853,22073790187314,
0,22073792157789,22073792157789,9223372036854775807,0,22073792748314,22073792792853,22073793551006,22073793795853,22073795720622,22073795770699,22073796063006,22073799247929,22073802065468,
0,22073808890165,22073808890165,9223372036854775807,0,22073809440929,22073809471083,22073810065391,22073810215545,22073810501391,22073810592237,22073811108237,22073816399083,22073819837160,
0,22073825622362,22073825622362,9223372036854775807,0,22073826080468,22073826082468,22073826586468,22073826706391,22073826936929,22073827019083,22073827520468,22073833189314,22073836946083,
0,22073842354281,22073842354281,9223372036854775807,0,22073843048545,22073843093391,22073843843929,22073843988314,22073844295545,22073844388545,22073844951545,22073848532853,22073852110237,
0,22073859086064,22073859086064,9223372036854775807,0,22073859662237,22073859703699,22073860353468,22073860502391,22073860803699,22073860935545,22073861375622,22073872363545,22073875734545,
0,22073875817378,22073875817378,9223372036854775807,0,22073876589314,22073876629699,22073877271083,22073877374006,22073877581083,22073877733545,22073878163006,22073881143391,22073882131699,
0,22073892549216,22073892549216,9223372036854775807,0,22073893109853,22073893152237,22073893853468,22073894003853,22073894292468,22073894371314,22073894833006,22073898620545,22073901969160,
0,22073909280808,22073909280808,9223372036854775807,0,22073909830776,22073909870083,22073910462083,22073910597699,22073910880237,22073910958699,22073911444237,22073915788622,22073919143929,
0,22073926012666,22073926012666,9223372036854775807,0,22073926760622,22073926804545,22073927433083,22073927579699,22073927869314,22073927954468,22073928291391,22073932623622,22073936267468,
0,22073942744677,22073942744677,9223372036854775807,0,22073943496699,22073943544622,22073944444853,22073944589622,22073944902776,22073944977929,22073945507699,22073954121622,22073958565314,
0,22073959475770,22073959475770,9223372036854775807,0,22073960248237,22073960281699,22073961138776,22073961348083,22073961564237,22073961652622,22073962093160,22073965735314,22073970124314,
0,22073976208026,22073976208026,9223372036854775807,0,22073976941776,22073976996853,22073978116545,22073978332622,22073978835545,22073978966006,22073979535622,22073986270545,22073990819929,
0,22073992940585,22073992940585,9223372036854775807,0,22073993547468,22073993581699,22073994053929,22073994168237,22073994399391,22073994503545,22073995054237,22073998803391,22073999539160,
0,22074009673340,22074009673340,9223372036854775807,0,22074010310468,22074010357929,22074010993468,22074011140160,22074011436468,22074011583391,22074012139314,22074015915622,22074019295083,
0,22074026405567,22074026405567,9223372036854775807,0,22074027024237,22074027079853,22074027949237,22074028233929,22074028682160,22074028775853,22074029253468,22074032751237,22074036129699,
0,22074043136457,22074043136457,9223372036854775807,0,22074043948160,22074043993545,22074044678314,22074044836699,22074045146699,22074045248622,22074045802468,22074052475314,22074056879622,
0,22074059868883,22074059868883,9223372036854775807,0,22074060489391,22074060519545,22074060964160,22074061102314,22074061363622,22074061470468,22074062056468,22074069256391,22074072871391,
0,22074076597748,22074076597748,9223372036854775807,0,22074077473776,22074077516391,22074080259391,22074080531853,22074080825468,22074080922468,22074081467776,22074085713237,22074089332545,
0,22074093330086,22074093330086,9223372036854775807,0,22074094006545,22074094052160,22074094707468,22074094854083,22074096188391,22074096315929,22074097033699,22074100725545,22074103850929,
0,22074110062698,22074110062698,9223372036854775807,0,22074110774237,22074110819853,22074111445776,22074111593929,22074111885699,22074112189391,22074112433160,22074115984853,22074119469314,
0,22074126780761,22074126780761,9223372036854775807,0,22074128439314,22074128484391,22074129112929,22074129262622,22074129563545,22074129660391,22074130207083,22074140342853,22074144137468,
0,22074143513286,22074143513286,9223372036854775807,0,22074144309776,22074144361083,22074145479391,22074145635160,22074145942545,22074145980622,22074146327853,22074149477160,22074150379468,
0,22074160245707,22074160245707,9223372036854775807,0,22074160937006,22074160982853,22074161631622,22074161783699,22074162082314,22074162201160,22074162803314,22074166883929,22074170711006,
0,22074176977737,22074176977737,9223372036854775807,0,22074177561929,22074177603006,22074178196083,22074178338622,22074178630929,22074178723468,22074179342622,22074185519853,22074189193391,
0,22074193709818,22074193709818,9223372036854775807,0,22074194497083,22074194542929,22074195148776,22074195298391,22074195591622,22074195709160,22074196459622,22074203238699,22074206858853,
0,22074210443233,22074210443233,9223372036854775807,0,22074210909314,22074210941468,22074211541468,22074211691545,22074211986929,22074212136929,22074212972776,22074218290083,22074221672160,
0,22074227176422,22074227176422,9223372036854775807,0,22074227784929,22074227827929,22074228446853,22074228597622,22074228882622,22074229059929,22074230009929,22074236964006,22074241416853,
0,22074243909010,22074243909010,9223372036854775807,0,22074244479160,22074244510237,22074245104391,22074245253929,22074245541622,22074245669083,22074246235622,22074253987776,22074258076391,
0,22074260641764,22074260641764,9223372036854775807,0,22074261227853,22074261261314,22074261693083,22074261815699,22074262027622,22074262098391,22074262641468,22074267725160,22074273652391,
0,22074277373622,22074277373622,9223372036854775807,0,22074278061699,22074278105699,22074278680468,22074278818083,22074279109776,22074279206391,22074279765545,22074283382083,22074286763699,
0,22074294105708,22074294105708,9223372036854775807,0,22074294786853,22074294845699,22074295803776,22074296089314,22074296582468,22074296631006,22074296832776,22074300064929,22074303277237,
0,22074310837649,22074310837649,9223372036854775807,0,22074311518083,22074311561237,22074312120468,22074312263083,22074312556006,22074312697622,22074313525314,22074317187776,22074320421853,
0,22074327569640,22074327569640,9223372036854775807,0,22074328404083,22074328449622,22074329032622,22074329179160,22074329472776,22074329637853,22074330593622,22074334811853,22074338338929,
0,22074344301689,22074344301689,9223372036854775807,0,22074344937314,22074344983083,22074345652699,22074345795929,22074346097237,22074346205545,22074346748622,22074353825699,22074357683699,
0,22074361033823,22074361033823,9223372036854775807,0,22074361700929,22074361722391,22074362096929,22074362201237,22074362410083,22074362531083,22074363082006,22074369476391,22074374437083,
0,22074377767357,22074377767357,9223372036854775807,0,22074378365622,22074378404776,22074378943622,22074379082853,22074379357853,22074379480391,22074380133006,22074383840622,22074387076545,
0,22074394500167,22074394500167,9223372036854775807,0,22074395102237,22074395144160,22074395721853,22074395866699,22074396226468,22074396327699,22074396852083,22074402262083,22074406080622,
0,22074411232574,22074411232574,9223372036854775807,0,22074413275929,22074413334622,22074414247314,22074414460545,22074414903699,22074415027237,22074415616545,22074423014006,22074426454237,
0,22074427965482,22074427965482,9223372036854775807,0,22074428731314,22074428767314,22074429126545,22074429237237,22074429480853,22074429549776,22074429993776,22074433775545,22074438913622,
0,22074444697604,22074444697604,9223372036854775807,0,22074445478237,22074445525468,22074463631776,22074463817853,22074464180160,22074464271314,22074464568929,22074469842468,22074473303853,
0,22074461430163,22074461430163,9223372036854775807,0,22074467566006,22074467625006,22074468310853,22074468555237,22074468917699,22074473609930,22074473857160,22074476918083,22074477640468,
0,22074478162524,22074478162524,9223372036854775807,0,22074478744083,22074478794776,22074479512314,22074479688930,22074480049853,22074480183545,22074480591237,22074486560545,22074490495776,
0,22074494894255,22074494894255,9223372036854775807,0,22074496378237,22074496479930,22074497250006,22074497458930,22074497855622,22074497916699,22074498176699,22074501377930,22074504360545,
0,22074511626664,22074511626664,9223372036854775807,0,22074512281083,22074512333083,22074512838160,22074513026391,22074513355853,22074513402930,22074513638699,22074516857930,22074520863237,
0,22074528358846,22074528358846,9223372036854775807,0,22074529096699,22074529148083,22074529779776,22074530006391,22074530429622,22074530485930,22074530725083,22074535931776,22074539279160,
0,22074545091198,22074545091198,9223372036854775807,0,22074545846622,22074545893622,22074546316853,22074546486237,22074546756160,22074546828930,22074547302853,22074557568853,22074561320776,
0,22074561823691,22074561823691,9223372036854775807,0,22074562417545,22074562470930,22074562920391,22074563053468,22074563279083,22074563314083,22074563465776,22074567902622,22074568971468,
0,22074578555586,22074578555586,9223372036854775807,0,22074579658930,22074579709930,22074580128545,22074580455314,22074580854622,22074580920083,22074581155545,22074585639006,22074588718237,
0,22074595286512,22074595286512,9223372036854775807,0,22074596338237,22074596392699,22074596834930,22074597017699,22074597312776,22074597413930,22074598002160,22074603092930,22074607331776,
0,22074612018059,22074612018059,9223372036854775807,0,22074613180314,22074613230468,22074613703699,22074613864314,22074614137314,22074614265160,22074614968160,22074622088314,22074626141622,
0,22074628749116,22074628749116,9223372036854775807,0,22074642233776,22074642291391,22074642718160,22074642900160,22074643182006,22074643304545,22074644049083,22074651409699,22074655582006,
0,22074645479009,22074645479009,9223372036854775807,0,22074646700930,22074646726699,22074646972699,22074647069314,22074647214545,22074656241930,22074656735314,22074661552699,22074662683006,
0,22074662211061,22074662211061,9223372036854775807,0,22074663021006,22074663060622,22074663537314,22074663706006,22074663983006,22074664156853,22074664751776,22074669912545,22074674883006,
0,22074678942923,22074678942923,9223372036854775807,0,22074679841391,22074679909776,22074680536083,22074680722853,22074681030391,22074681125160,22074681713545,22074690615083,22074695309776,
0,22074695674551,22074695674551,9223372036854775807,0,22074696435006,22074696497083,22074696923699,22074697073160,22074697324699,22074697407237,22074697856776,22074705050391,22074709282776,
0,22074712407159,22074712407159,9223372036854775807,0,22074713059545,22074713115930,22074713713006,22074713932468,22074714339930,22074714457083,22074715042622,22074720970237,22074725283545,
0,22074729139537,22074729139537,9223372036854775807,0,22074729890622,22074729937391,22074730314622,22074730469622,22074730723622,22074730792314,22074731319545,22074734649237,22074737832699,
0,22074745869581,22074745869581,9223372036854775807,0,22074747384006,22074747469006,22074748260160,22074748446930,22074748698699,22074748739930,22074748965699,22074755303391,22074758888391,
0,22074762601514,22074762601514,9223372036854775807,0,22074763661237,22074764297699,22074764835160,22074765021237,22074765371083,22074765475006,22074765966006,22074773772853,22074777831083,
0,22074779333981,22074779333981,9223372036854775807,0,22074779897006,22074779933314,22074780247545,22074780363391,22074780572545,22074780604006,22074780809006,22074789812468,22074793501622,
0,22074796067012,22074796067012,9223372036854775807,0,22074796588468,22074796623468,22074796884391,22074797000853,22074797199930,22074797227776,22074797402468,22074801462930,22074805233160,
0,22074812799730,22074812799730,9223372036854775807,0,22074813921006,22074813985160,22074814895314,22074815151930,22074815532468,22074815583853,22074815820545,22074819301314,22074822555622,
0,22074829531343,22074829531343,9223372036854775807,0,22074830222083,22074830263930,22074830562391,22074830705699,22074830935468,22074831010699,22074831493006,22074835497776,22074838642930,
0,22074846262644,22074846262644,9223372036854775807,0,22074847361391,22074847406699,22074847728545,22074847876314,22074848139853,22074848220930,22074848708083,22074856215160,22074864214083,
0,22074862993926,22074862993926,9223372036854775807,0,22074863678468,22074863715699,22074863935545,22074864058699,22074864295622,22074864505776,22074864872314,22074867878160,22074868745391,
0,22074879726003,22074879726003,9223372036854775807,0,22074880746006,22074880795930,22074881138083,22074881304930,22074881544237,22074881600776,22074882007237,22074888979699,22074893939468,
0,22074896456677,22074896456677,9223372036854775807,0,22074897410314,22074897449391,22074897755314,22074897897237,22074898121083,22074898277237,22074898787237,22074909200083,22074913647930,
0,22074913189569,22074913189569,9223372036854775807,0,22074913675006,22074913704006,22074913915930,22074914029006,22074914292314,22074914355314,22074915034314,22074917844699,22074919149699,
0,22074929921587,22074929921587,9223372036854775807,0,22074930843160,22074930912468,22074931441083,22074931596314,22074931849853,22074931927237,22074932443930,22074939439006,22074943550237,
0,22074946652923,22074946652923,9223372036854775807,0,22074947436622,22074947495237,22074948109237,22074948357468,22074948597622,22074948650391,22074948944699,22074956323083,22074960116237,
0,22074963385321,22074963385321,9223372036854775807,0,22074964184853,22074964237776,22074964705314,22074964950853,22074965311237,22074965364083,22074965544776,22074968799006,22074972083622,
0,22074980117810,22074980117810,9223372036854775807,0,22074981350776,22074981439006,22074982228391,22074982461699,22074982874083,22074982919006,22074983072699,22074986620699,22074990140083,
0,22074996846210,22074996846210,9223372036854775807,0,22074997906314,22074997954314,22074998285776,22074998459237,22074998754545,22074998861314,22074999382391,22075004248083,22075009521699,
0,22075013578284,22075013578284,9223372036854775807,0,22075014293314,22075014345622,22075014762006,22075014948930,22075015269160,22075015343699,22075015749853,22075022189545,22075026797699,
0,22075030310037,22075030310037,9223372036854775807,0,22075037216545,22075037272776,22075037873776,22075038143391,22075038571930,22075038719083,22075039537468,22075046018930,22075049870391,
0,22075047039802,22075047039802,9223372036854775807,0,22075060639930,22075060704699,22075061174314,22075061383853,22075061686699,22075061790699,22075062423622,22075068814391,22075073112545,
0,22075063770444,22075063770444,9223372036854775807,0,22075064898391,22075064937622,22075065302699,22075065467545,22075065740237,22075073497930,22075073787930,22075076703237,22075077614314,
0,22075080502652,22075080502652,9223372036854775807,0,22075081209468,22075081261545,22075081677160,22075081872083,22075082308391,22075082379699,22075082617160,22075087086699,22075091365853,
0,22075097234988,22075097234988,9223372036854775807,0,22075100498468,22075100551314,22075100914391,22075101082776,22075101358776,22075101464545,22075102043083,22075106526237,22075110269391,
0,22075113967113,22075113967113,9223372036854775807,0,22075116267699,22075116317853,22075116649545,22075116813545,22075117083391,22075117189237,22075117775776,22075129408391,22075132643083,
0,22075130699367,22075130699367,9223372036854775807,0,22075131426853,22075131473930,22075131838930,22075132056776,22075132466237,22075132898776,22075133151622,22075136182083,22075137028006,
0,22075147431035,22075147431035,9223372036854775807,0,22075148337160,22075148395468,22075148807776,22075148998391,22075149321160,22075149504622,22075150297699,22075158577391,22075162936930,
0,22075164162442,22075164162442,9223372036854775807,0,22075165568853,22075165604314,22075165877930,22075166015622,22075166258699,22075166322237,22075166781545,22075172471776,22075178525391,
0,22075180894836,22075180894836,9223372036854775807,0,22075181408391,22075181445314,22075181727545,22075181857006,22075182139699,22075182229468,22075182739468,22075188043930,22075191741006,
0,22075197627326,22075197627326,9223372036854775807,0,22075198551314,22075198614622,22075199125314,22075199330468,22075199655237,22075199707853,22075199998545,22075204385699,22075208842314,
0,22075214358665,22075214358665,9223372036854775807,0,22075215576160,22075215626006,22075215975237,22075216157391,22075216420006,22075217080699,22075217388622,22075221962391,22075226284699,
