0,23701434808906,23701434808906,9223372036854775807,0,23701435408642,23701435432103,23701435763334,23701435852026,23701436187411,23701436265719,23701436658950,23701441141180,23701444575103,
0,23701451544243,23701451544243,9223372036854775807,0,23701452436103,23701452485411,23701453270257,23701453429180,23701453974026,23701454141257,23701454813950,23701462592796,23701466492565,
0,23701468279461,23701468279461,9223372036854775807,0,23701468902488,23701468935026,23701469350642,23701469450334,23701469818719,23701469925257,23701470448719,23701479160334,23701483742950,
0,23701485016337,23701485016337,23701472000000,23701473500000,23701485567796,23701486158488,23701486302334,23701486771565,23701487104642,23701487168565,23701487544103,23701491053565,23701491717103,
0,23701501753225,23701501753225,23701491000000,23701496753225,23701502344180,23701503011950,23701503168411,23701503240488,23701503593103,23701503650026,23701503978719,23701508108257,23701511594642,
0,23701518489899,23701518489899,23701508000000,23701513489899,23701519043180,23701520254642,23701520541411,23701520707026,23701521397950,23701521440180,23701521634642,23701524310796,23701527626180,
0,23701535226771,23701535226771,23701525000000,23701530226771,23701535717334,23701538559180,23701538698411,23701538869257,23701540223796,23701540277103,23701540693719,23701545343026,23701549000180,
0,23701551964287,23701551964287,23701544000000,23701546964287,23701552487180,23701553136257,23701553288180,23701553355950,23701553695026,23701553799719,23701554454257,23701561537411,23701563842488,
0,23701568701725,23701568701725,23701558000000,23701563701725,23701569266796,23701570121180,23701570244719,23701570317719,23701570679334,23701570763411,23701571220180,23701581861488,23701582790642,
0,23701585439250,23701585439250,23701575000000,23701580439250,23701586012565,23701586783257,23701586951180,23701587033565,23701587444411,23701587652334,23701588610642,23701596558488,23701597801411,
0,23701602176476,23701602176476,23701592000000,23701597176476,23701602839488,23701603510565,23701603708411,23701603816642,23701604386257,23701604466103,23701604883334,23701614154103,23701618765257,
0,23701618913990,23701618913990,23701609000000,23701613913990,23701619296873,23701619957642,23701620116180,23701620180796,23701620503873,23701620572642,23701620955103,23701623943796,23701624591873,
0,23701635650473,23701635650473,23701625000000,23701630650473,23701636499257,23701639710103,23701640651950,23701640870180,23701641322796,23701641523719,23701641968026,23701648970488,23701652608488,
0,23701652384823,23701652384823,9223372036854775807,0,23701653167180,23701653196642,23701654661642,23701654788719,23701657375411,23701657417334,23701657789873,23701659903565,23701663263642,
0,23701669121611,23701669121611,9223372036854775807,0,23701669713103,23701669749026,23701671087950,23701671460334,23701671888642,23701671943796,23701672206026,23701678024026,23701678877796,
0,23701685851287,23701685851287,9223372036854775807,0,23701687687565,23701687692796,23701688542796,23701688699180,23701689049026,23701689095334,23701689283873,23701695021411,23701695796565,
0,23701702588884,23701702588884,9223372036854775807,0,23701703148026,23701703177565,23701703630103,23701703727950,23701703946719,23701704074796,23701704268565,23701709759488,23701710502180,
0,23701719326646,23701719326646,9223372036854775807,0,23701719865488,23701719895488,23701720427180,23701720532950,23701720748565,23701720844257,23701721293796,23701727816411,23701728824565,
0,23701736064185,23701736064185,9223372036854775807,0,23701736762873,23701736795873,23701737276026,23701737381103,23701737604488,23701737699411,23701738114411,23701747145257,23701748771719,
0,23701752802207,23701752802207,9223372036854775807,0,23701753537180,23701753581103,23701754418719,23701754568796,23701754878873,23701755086719,23701756257873,23701763896873,23701768245873,
0,23701769539816,23701769539816,9223372036854775807,0,23701770110565,23701770138873,23701770549411,23701770686488,23701770944488,23701771031873,23701771486103,23701777111334,23701780427642,
0,23701786276707,23701786276707,9223372036854775807,0,23701786637180,23701786682103,23701786837565,23701786919103,23701787073719,23701787132642,23701787463334,23701790215026,23701793520719,
0,23701803014354,23701803014354,23701785000000,23701788000000,23701803526257,23701806114488,23701806255257,23701806519873,23701807875642,23701807972411,23701808466488,23701819303950,23701820394950,
0,23701819751817,23701819751817,23701811000000,23701811000000,23701820434873,23701830298642,23701830563719,23701830724950,23701831093026,23701831195796,23701831765565,23701838191719,23701838857026,
0,23701836488880,23701836488880,9223372036854775807,0,23701837320796,23701837362796,23701837839257,23701837996257,23701838300411,23701839063796,23701839286488,23701846034719,23701850905950,
0,23701853224765,23701853224765,23701835000000,23701835000000,23701853838950,23701854484719,23701854618180,23701854684026,23701854879180,23701854959257,23701855366642,23701860741488,23701861372334,
0,23701869962283,23701869962283,23701859000000,23701859000000,23701870507565,23701871134411,23701871269103,23701871554411,23701871910796,23701871967103,23701872182873,23701879667103,23701880763334,
0,23701886695198,23701886695198,23701876000000,23701881695198,23701887540027,23701888689103,23701888813950,23701888882873,23701889093257,23701889168027,23701889630488,23701898908950,23701902819257,
0,23701903432675,23701903432675,23701893000000,23701898432675,23701903972411,23701905125488,23701905244411,23701905404334,23701905576719,23701905664719,23701906026334,23701908523488,23701912031103,
0,23701920169731,23701920169731,23701910000000,23701915169731,23701920828488,23701923258719,23701923399642,23701923556565,23701925045334,23701925137103,23701925466796,23701931749257,23701932522027,
0,23701936906711,23701936906711,23701928000000,23701931906711,23701937599103,23701938251334,23701938392257,23701938450257,23701938655719,23701938691180,23701938914027,23701942303719,23701945888027,
0,23701953643766,23701953643766,23701943000000,23701948643766,23701954454950,23701955934642,23701956246565,23701956400796,23701956769411,23701956814334,23701957007488,23701959424103,23701962536103,
0,23701970380642,23701970380642,23701961000000,23701965380642,23701971017565,23701972233642,23701972384719,23701972454796,23701972684334,23701972754411,23701973159180,23701982174334,23701988452411,
0,23701987118296,23701987118296,9223372036854775807,0,23701987545873,23701987569950,23701989606411,23701989766719,23701990120411,23701990257027,23701990804027,23701997286334,23701998062796,
0,23702003387211,23702003387211,9223372036854775807,0,23702003837257,23702003865642,23702004345796,23702004443796,23702004644027,23702004677796,23702004991027,23702007221180,23702010162565,
0,23702020124836,23702020124836,9223372036854775807,0,23702020653873,23702020685642,23702021589488,23702021779950,23702021976103,23702022026565,23702022334334,23702025292180,23702028592873,
0,23702036862339,23702036862339,9223372036854775807,0,23702037404411,23702037435565,23702039853180,23702040096257,23702041116334,23702041187719,23702041637027,23702048603565,23702049971411,
0,23702053599821,23702053599821,9223372036854775807,0,23702054107180,23702054137027,23702054567873,23702054664565,23702054949642,23702055041719,23702055490565,23702065042411,23702065952796,
0,23702070337426,23702070337426,9223372036854775807,0,23702070823873,23702070828565,23702071292642,23702071399411,23702071627103,23702071714027,23702072295180,23702077699411,23702082213103,
0,23702087119729,23702087119729,9223372036854775807,0,23702087555257,23702087597180,23702088344796,23702088490565,23702088803103,23702088926257,23702089551642,23702096506257,23702100998180,
0,23702103855658,23702103855658,9223372036854775807,0,23702104530027,23702104574950,23702105274950,23702105436950,23702105756642,23702105850103,23702106480180,23702110782642,23702114289180,
0,23702120588924,23702120588924,9223372036854775807,0,23702121462950,23702121507257,23702122180257,23702122329027,23702122630642,23702122696334,23702123250334,23702129794334,23702135000257,
0,23702137325347,23702137325347,9223372036854775807,0,23702137961950,23702138002411,23702139134719,23702139390950,23702139666565,23702139728257,23702140344642,23702145220411,23702148939180,
0,23702154061736,23702154061736,9223372036854775807,0,23702154734103,23702154775719,23702155389488,23702155523719,23702155797642,23702155908796,23702156476565,23702159274488,23702162369180,
0,23702170797484,23702170797484,9223372036854775807,0,23702171542642,23702171586488,23702172212488,23702172353027,23702172635411,23702172697719,23702172994180,23702178525334,23702182190411,
0,23702187533433,23702187533433,9223372036854775807,0,23702188285180,23702188327411,23702188999642,23702189138257,23702189444103,23702189512103,23702190039257,23702192882411,23702195931796,
0,23702204269508,23702204269508,9223372036854775807,0,23702204861488,23702204902796,23702205880873,23702206087950,23702206557334,23702206620796,23702206906411,23702210019488,23702213368950,
0,23702221006102,23702221006102,9223372036854775807,0,23702221710180,23702221770796,23702222867257,23702223104719,23702223643796,23702223702488,23702223949027,23702227775565,23702230951103,
0,23702237741439,23702237741439,9223372036854775807,0,23702238486642,23702238527027,23702239165180,23702239307027,23702239613719,23702239725334,23702240361796,23702246128719,23702250603257,
0,23702254476140,23702254476140,9223372036854775807,0,23702270030027,23702270091257,23702272946103,23702273184180,23702274194873,23702274334103,23702274993719,23702281625950,23702286452027,
0,23702271213123,23702271213123,9223372036854775807,0,23702278868027,23702278915334,23702279517103,23702279653103,23702280156027,23702286686873,23702286893488,23702289199103,23702289937180,
0,23702287950165,23702287950165,9223372036854775807,0,23702289142719,23702289190257,23702290263334,23702290544950,23702291116027,23702291163873,23702291380950,23702294736873,23702295657719,
0,23702304686740,23702304686740,9223372036854775807,0,23702305289180,23702305341642,23702306233873,23702306439642,23702306908180,23702306972103,23702307230027,23702310014642,23702312860642,
0,23702321422754,23702321422754,9223372036854775807,0,23702322079565,23702322121950,23702322679796,23702322814565,23702323093027,23702323170565,23702323661950,23702326314950,23702329214488,
0,23702338158951,23702338158951,9223372036854775807,0,23702338762180,23702338801027,23702339380257,23702339520103,23702339808950,23702339950257,23702340338873,23702344067257,23702347785642,
0,23702354895293,23702354895293,9223372036854775807,0,23702355555411,23702355629565,23702356479257,23702356671411,23702357084103,23702357164488,23702357442873,23702360503027,23702363639257,
0,23702371631680,23702371631680,9223372036854775807,0,23702372265642,23702372299103,23702375099103,23702375315873,23702375460642,23702376187796,23702376664488,23702381208950,23702385069257,
0,23702388368058,23702388368058,9223372036854775807,0,23702389654180,23702389702796,23702390413411,23702390559411,23702392367180,23702392996257,23702393511411,23702396657565,23702399764488,
0,23702405104297,23702405104297,9223372036854775807,0,23702405791873,23702405839180,23702406442488,23702406586257,23702406871027,23702406928334,23702407239334,23702410212027,23702413610565,
0,23702421840928,23702421840928,9223372036854775807,0,23702422530488,23702422574488,23702423175719,23702423322180,23702423609873,23702423652719,23702423887565,23702429782411,23702430941334,
0,23702438577446,23702438577446,9223372036854775807,0,23702439265180,23702439309873,23702439906488,23702440087488,23702440374257,23702440455873,23702440757950,23702445210642,23702448569719,
0,23702455313735,23702455313735,9223372036854775807,0,23702456358257,23702456442950,23702457701334,23702457943565,23702458516257,23702458701796,23702459849103,23702465822565,23702469660719,
0,23702472049890,23702472049890,9223372036854775807,0,23702472772334,23702472817796,23702473445411,23702473588488,23702473901334,23702474022950,23702474630642,23702479939642,23702483188950,
0,23702488786281,23702488786281,9223372036854775807,0,23702490791027,23702490833796,23702491374334,23702491502180,23702491779950,23702491905719,23702492884334,23702499015873,23702502944027,
0,23702505522699,23702505522699,9223372036854775807,0,23702506064642,23702506101257,23702506547027,23702506670950,23702506913796,23702506998873,23702507534027,23702511008796,23702514293873,
0,23702522260065,23702522260065,9223372036854775807,0,23702522928027,23702522975411,23702523591334,23702523736334,23702524200719,23702524297642,23702524755334,23702530431334,23702534473719,
0,23702538997221,23702538997221,9223372036854775807,0,23702539639257,23702539676411,23702540236334,23702540376796,23702540646257,23702540768642,23702541374642,23702550621873,23702554760950,
0,23702555734058,23702555734058,9223372036854775807,0,23702556307796,23702556339873,23702556963488,23702557083796,23702557298257,23702557359950,23702557835642,23702561984950,23702565197027,
0,23702572470804,23702572470804,9223372036854775807,0,23702573140642,23702573186257,23702573782950,23702573923027,23702574210488,23702574259873,23702574520950,23702577733719,23702580884027,
0,23702589207011,23702589207011,9223372036854775807,0,23702590277411,23702590322796,23702591018719,23702591165873,23702591443950,23702591478719,23702591676103,23702596399873,23702600116796,
0,23702605942611,23702605942611,9223372036854775807,0,23702606801103,23702606895950,23702608138796,23702608341411,23702608954180,23702609007257,23702609263257,23702612108103,23702615205027,
0,23702622671211,23702622671211,9223372036854775807,0,23702624220488,23702624283180,23702625272565,23702625487488,23702626021642,23702626090642,23702626335950,23702630429027,23702633839950,
0,23702639407388,23702639407388,9223372036854775807,0,23702639987027,23702640156257,23702641117950,23702641329642,23702641814565,23702641873180,23702642128257,23702645104027,23702648344103,
0,23702656143849,23702656143849,9223372036854775807,0,23702656780103,23702656823796,23702657429334,23702657573565,23702657865027,23702657941873,23702658473027,23702665790334,23702669569642,
0,23702672880012,23702672880012,9223372036854775807,0,23702673502180,23702673538642,23702674057488,23702674188796,23702674436642,23702674606180,23702675618488,23702678686257,23702682125411,
0,23702689616295,23702689616295,9223372036854775807,0,23702691743180,23702691785719,23702692477411,23702692622719,23702692915027,23702693014334,23702693570180,23702698305488,23702701567180,
0,23702706352666,23702706352666,9223372036854775807,0,23702707127642,23702707174950,23702707812950,23702707964027,23702708297257,23702708421950,23702709052180,23702714757950,23702718397411,
0,23702723089195,23702723089195,9223372036854775807,0,23702723848411,23702723882103,23702724715950,23702724880873,23702725208257,23702725389103,23702726162565,23702732369411,23702735996257,
0,23702739826070,23702739826070,9223372036854775807,0,23702740493411,23702740520488,23702741050565,23702741193411,23702741480565,23702741585103,23702742185411,23702747555719,23702752878565,
0,23702756561825,23702756561825,9223372036854775807,0,23702757287103,23702757329103,23702757918334,23702758059565,23702758332334,23702758444334,23702758969796,23702762405411,23702765778950,
0,23702773298637,23702773298637,9223372036854775807,0,23702773943565,23702773987257,23702774592642,23702774739411,23702775037565,23702775149257,23702775722719,23702781083257,23702784622873,
0,23702790034390,23702790034390,9223372036854775807,0,23702791102873,23702791145719,23702791817950,23702791965642,23702792314027,23702792444642,23702793045103,23702803666411,23702808276411,
0,23702806769493,23702806769493,9223372036854775807,0,23702807464796,23702807543180,23702808225257,23702808330873,23702808520103,23702808599873,23702808995257,23702811847719,23702812850488,
0,23702823506316,23702823506316,9223372036854775807,0,23702824213103,23702824273411,23702841048257,23702841324565,23702841830257,23702841973873,23702842460334,23702845753180,23702850808565,
0,23702840220518,23702840220518,9223372036854775807,0,23702849422180,23702849480334,23702849997488,23702850179796,23702850494796,23702851131873,23702851460488,23702856495027,23702863333027,
0,23702856956920,23702856956920,9223372036854775807,0,23702857466411,23702857501027,23702857823642,23702857960257,23702858169873,23702863738411,23702863932334,23702866756565,23702867490027,
0,23702873693647,23702873693647,9223372036854775807,0,23702874238565,23702874283719,23702874806719,23702874986180,23702875504719,23702875543565,23702875755719,23702878448411,23702881437257,
0,23702890429460,23702890429460,9223372036854775807,0,23702893189257,23702893226103,23702893501565,23702893623950,23702893769719,23702893867334,23702894386411,23702897569334,23702900582180,
0,23702907161974,23702907161974,9223372036854775807,0,23702908229719,23702908268103,23702908572257,23702908705642,23702908893257,23702908938334,23702909179027,23702912470565,23702915492103,
0,23702923898810,23702923898810,9223372036854775807,0,23702924571873,23702924610796,23702924927719,23702925065950,23702925277257,23702925367642,23702925744873,23702931309719,23702935604180,
0,23702940634385,23702940634385,9223372036854775807,0,23702941369796,23702941405488,23702941692796,23702941811334,23702942006488,23702942084642,23702942632103,23702948276411,23702953837565,
0,23702957370317,23702957370317,9223372036854775807,0,23702958240488,23702958309950,23702959034642,23702959303334,23702959588257,23702959658488,23702960074796,23702963428334,23702967664257,
0,23702974106859,23702974106859,9223372036854775807,0,23702974992642,23702975040873,23702975406180,23702975557103,23702975796334,23702976068334,23702976526027,23702980081796,23702983559334,
0,23702990842760,23702990842760,9223372036854775807,0,23702991924873,23702992362488,23702992772873,23702992934488,23702993225334,23702993340257,23702993914334,23702997932642,23703001545950,
0,23703007578887,23703007578887,9223372036854775807,0,23703008643565,23703008691027,23703009090488,23703009246950,23703009512027,23703009613796,23703010184027,23703014151257,23703017642103,
0,23703024314283,23703024314283,9223372036854775807,0,23703025429103,23703025517180,23703026600796,23703026991719,23703027750950,23703028141796,23703029165334,23703040290180,23703044312180,
0,23703041049499,23703041049499,9223372036854775807,0,23703041913642,23703041968027,23703042635719,23703042847565,23703043219873,23703044584257,23703044963642,23703048157488,23703049299950,
0,23703057785419,23703057785419,9223372036854775807,0,23703058688180,23703058730950,23703059099027,23703059261334,23703059585565,23703059709719,23703060614488,23703067078719,23703071149103,
0,23703074521349,23703074521349,9223372036854775807,0,23703075332642,23703075370565,23703075706642,23703075847873,23703076164565,23703076235719,23703076659642,23703086842027,23703091775180,
0,23703091257461,23703091257461,9223372036854775807,0,23703092257565,23703092298180,23703092732950,23703092925103,23703093291103,23703093375719,23703093714257,23703103535488,23703107628488,
0,23703107993267,23703107993267,9223372036854775807,0,23703108641950,23703108681103,23703109092027,23703109271950,23703109624027,23703109671027,23703109847950,23703112584411,23703113283950,
0,23703124729402,23703124729402,9223372036854775807,0,23703125681257,23703125732565,23703126160027,23703126344334,23703126632257,23703126730257,23703127292103,23703131564565,23703134815180,
0,23703141464927,23703141464927,9223372036854775807,0,23703142403796,23703142450103,23703142876180,23703143034565,23703143291411,23703143390950,23703144051257,23703148073488,23703151288488,
0,23703158200978,23703158200978,9223372036854775807,0,23703159334873,23703159381642,23703159712642,23703159869411,23703160494104,23703160569796,23703160839796,23703165463873,23703170407180,
0,23703174934945,23703174934945,9223372036854775807,0,23703176025334,23703176075488,23703176494334,23703176676334,23703176964719,23703177082027,23703177703488,23703181685796,23703185152257,
0,23703191668775,23703191668775,9223372036854775807,0,23703192512027,23703192555950,23703192902565,23703193071488,23703193345488,23703193452950,23703193966334,23703198127950,23703202012180,
0,23703208404002,23703208404002,9223372036854775807,0,23703209623104,23703209672411,23703210053411,23703210233565,23703210557796,23703210702104,23703211311104,23703215534950,23703219341950,
0,23703225124712,23703225124712,9223372036854775807,0,23703227136796,23703227207104,23703227973180,23703228274411,23703228682642,23703228792873,23703229252027,23703235346334,23703239741180,
0,23703241861195,23703241861195,9223372036854775807,0,23703242949180,23703242968950,23703243239334,23703243411257,23703243710796,23703243837334,23703244583104,23703249782950,23703253845565,
0,23703258596356,23703258596356,9223372036854775807,0,23703259676950,23703259727180,23703260156334,23703260349719,23703260708950,23703260777027,23703261259334,23703265557488,23703269439719,
0,23703275332585,23703275332585,9223372036854775807,0,23703276376796,23703276442257,23703277013719,23703277241642,23703277646488,23703277802642,23703278389642,23703285055334,23703289294180,
0,23703292068930,23703292068930,9223372036854775807,0,23703292949950,23703292983796,23703293284104,23703293397027,23703293563488,23703293675334,23703294323642,23703299075411,23703303639565,
0,23703308788805,23703308788805,9223372036854775807,0,23703310711950,23703310756104,23703311144719,23703311947565,23703312578796,23703312694334,23703313191180,23703318903180,23703322782027,
0,23703325525493,23703325525493,9223372036854775807,0,23703326425027,23703326466565,23703326737719,23703326838873,23703327003257,23703327043796,23703327328411,23703331193565,23703334553642,
0,23703342261459,23703342261459,9223372036854775807,0,23703343412027,23703343458411,23703343795565,23703343951257,23703344246950,23703344468488,23703344963873,23703352512950,23703356345873,
0,23703358997346,23703358997346,9223372036854775807,0,23703360334257,23703360386104,23703360860180,23703361069873,23703361735334,23703361805565,23703362063950,23703365556642,23703370179027,
0,23703375731181,23703375731181,9223372036854775807,0,23703376943334,23703377016180,23703377708257,23703377926257,23703378339180,23703378420565,23703378935565,23703383428796,23703386812642,
0,23703392466967,23703392466967,9223372036854775807,0,23703409127027,23703409192488,23703409788180,23703410050257,23703410483334,23703410616104,23703411254180,23703417277719,23703421332027,
0,23703425939559,23703425939559,9223372036854775807,0,23703426779027,23703426819411,23703427081257,23703427216873,23703427587334,23703427637488,23703427878642,23703433538873,23703438042180,
0,23703442676344,23703442676344,9223372036854775807,0,23703443424104,23703443466027,23703443776180,23703443948411,23703444301027,23703444630180,23703445163334,23703449263565,23703452486411,
